Document::0
0.027711 0.027711 0.027711 0.027711 0.027711 0.027711 0.027711 0.027711 0.750602 0.027711 
0.225874 0.016084 0.225874 0.016084 0.016084 0.016084 0.435664 0.016084 0.016084 0.016084 
0.100000 0.100000 0.100000 0.100000 0.100000 0.100000 0.100000 0.100000 0.100000 0.100000 
Document::1
0.002761 0.002761 0.038776 0.002761 0.002761 0.038776 0.002761 0.074790 0.831092 0.002761 
0.225874 0.016084 0.016084 0.016084 0.016084 0.016084 0.645455 0.016084 0.016084 0.016084 
0.013295 0.013295 0.013295 0.186705 0.013295 0.013295 0.013295 0.706936 0.013295 0.013295 
Document::2
0.002975 0.158215 0.313454 0.002975 0.002975 0.002975 0.002975 0.197025 0.313454 0.002975 
0.013295 0.360116 0.013295 0.013295 0.013295 0.013295 0.533526 0.013295 0.013295 0.013295 
0.008745 0.693156 0.008745 0.122814 0.008745 0.008745 0.122814 0.008745 0.008745 0.008745 
Document::3
0.001881 0.001881 0.001881 0.173590 0.001881 0.001881 0.001881 0.222649 0.590597 0.001881 
0.750246 0.159113 0.011330 0.011330 0.011330 0.011330 0.011330 0.011330 0.011330 0.011330 
0.009871 0.009871 0.009871 0.009871 0.138627 0.524893 0.138627 0.138627 0.009871 0.009871 
Document::4
0.002270 0.002270 0.298421 0.031885 0.002270 0.002270 0.002270 0.091115 0.564956 0.002270 
0.750602 0.027711 0.027711 0.027711 0.027711 0.027711 0.027711 0.027711 0.027711 0.027711 
0.016084 0.225874 0.016084 0.016084 0.016084 0.016084 0.016084 0.016084 0.016084 0.645455 
Document::5
0.002413 0.191291 0.285729 0.348688 0.002413 0.002413 0.002413 0.128332 0.033893 0.002413 
0.027711 0.027711 0.027711 0.027711 0.750602 0.027711 0.027711 0.027711 0.027711 0.027711 
0.008745 0.122814 0.008745 0.008745 0.008745 0.008745 0.008745 0.693156 0.122814 0.008745 
Document::6
0.001351 0.001351 0.318438 0.054198 0.283206 0.001351 0.001351 0.001351 0.283206 0.054198 
0.008745 0.008745 0.236882 0.008745 0.008745 0.008745 0.693156 0.008745 0.008745 0.008745 
0.027711 0.750602 0.027711 0.027711 0.027711 0.027711 0.027711 0.027711 0.027711 0.027711 
Document::7
0.002576 0.304927 0.472900 0.002576 0.036170 0.002576 0.170549 0.002576 0.002576 0.002576 
0.008745 0.008745 0.008745 0.008745 0.122814 0.122814 0.693156 0.008745 0.008745 0.008745 
0.011330 0.306897 0.011330 0.011330 0.159113 0.011330 0.011330 0.159113 0.306897 0.011330 
Document::8
0.001400 0.001400 0.311808 0.019659 0.001400 0.037918 0.257030 0.001400 0.275289 0.092696 
0.100000 0.100000 0.100000 0.100000 0.100000 0.100000 0.100000 0.100000 0.100000 0.100000 
0.013295 0.013295 0.186705 0.186705 0.013295 0.013295 0.186705 0.013295 0.360116 0.013295 
Document::9
0.060604 0.080302 0.159094 0.001510 0.119698 0.001510 0.001510 0.001510 0.139396 0.434865 
0.551327 0.020354 0.020354 0.020354 0.020354 0.020354 0.285841 0.020354 0.020354 0.020354 
0.020354 0.285841 0.020354 0.551327 0.020354 0.020354 0.020354 0.020354 0.020354 0.020354 
Document::10
0.001675 0.001675 0.460524 0.001675 0.504224 0.001675 0.023525 0.001675 0.001675 0.001675 
0.225874 0.016084 0.016084 0.016084 0.016084 0.016084 0.016084 0.016084 0.645455 0.016084 
0.020354 0.020354 0.020354 0.551327 0.020354 0.020354 0.020354 0.020354 0.285841 0.020354 
Document::11
0.002270 0.002270 0.179961 0.002270 0.446496 0.031885 0.298421 0.002270 0.002270 0.031885 
0.016084 0.016084 0.016084 0.016084 0.016084 0.016084 0.435664 0.435664 0.016084 0.016084 
0.350951 0.350951 0.122814 0.008745 0.008745 0.008745 0.122814 0.008745 0.008745 0.008745 
Document::12
0.001481 0.001481 0.233290 0.001481 0.001481 0.001481 0.329878 0.040116 0.078751 0.310560 
0.020354 0.285841 0.020354 0.285841 0.285841 0.020354 0.020354 0.020354 0.020354 0.020354 
0.100000 0.100000 0.100000 0.100000 0.100000 0.100000 0.100000 0.100000 0.100000 0.100000 
Document::13
0.001713 0.470812 0.001713 0.001713 0.046389 0.001713 0.426136 0.001713 0.046389 0.001713 
0.027711 0.027711 0.389157 0.389157 0.027711 0.027711 0.027711 0.027711 0.027711 0.027711 
0.100000 0.100000 0.100000 0.100000 0.100000 0.100000 0.100000 0.100000 0.100000 0.100000 
Document::14
0.001510 0.218188 0.021208 0.001510 0.001510 0.001510 0.730335 0.021208 0.001510 0.001510 
0.020354 0.020354 0.020354 0.816814 0.020354 0.020354 0.020354 0.020354 0.020354 0.020354 
0.027711 0.389157 0.027711 0.027711 0.027711 0.389157 0.027711 0.027711 0.027711 0.027711 
Document::15
0.001221 0.064950 0.001221 0.542910 0.001221 0.001221 0.383590 0.001221 0.001221 0.001221 
0.016084 0.016084 0.016084 0.016084 0.016084 0.016084 0.855245 0.016084 0.016084 0.016084 
0.043396 0.043396 0.043396 0.043396 0.043396 0.043396 0.609434 0.043396 0.043396 0.043396 
Document::16
0.001481 0.271925 0.001481 0.387830 0.078751 0.001481 0.078751 0.117386 0.059433 0.001481 
0.027711 0.027711 0.027711 0.027711 0.750602 0.027711 0.027711 0.027711 0.027711 0.027711 
0.027711 0.027711 0.027711 0.027711 0.027711 0.027711 0.027711 0.389157 0.027711 0.389157 
Document::17
0.162291 0.001541 0.182384 0.162291 0.001541 0.001541 0.403416 0.061822 0.021634 0.001541 
0.016084 0.435664 0.016084 0.016084 0.016084 0.016084 0.435664 0.016084 0.016084 0.016084 
0.016084 0.016084 0.016084 0.016084 0.016084 0.016084 0.016084 0.645455 0.016084 0.225874 
Document::18
0.379128 0.001928 0.001928 0.379128 0.203101 0.001928 0.001928 0.001928 0.001928 0.027075 
0.009871 0.009871 0.009871 0.009871 0.009871 0.009871 0.782403 0.138627 0.009871 0.009871 
0.008745 0.008745 0.465019 0.122814 0.008745 0.008745 0.008745 0.008745 0.122814 0.236882 
Document::19
0.285729 0.254250 0.065373 0.033893 0.002413 0.002413 0.002413 0.002413 0.002413 0.348688 
0.100000 0.100000 0.100000 0.100000 0.100000 0.100000 0.100000 0.100000 0.100000 0.100000 
0.007850 0.007850 0.212628 0.417406 0.007850 0.110239 0.007850 0.007850 0.212628 0.007850 
Document::20
0.188854 0.516212 0.071941 0.001793 0.001793 0.001793 0.118706 0.095323 0.001793 0.001793 
0.016084 0.435664 0.016084 0.016084 0.016084 0.016084 0.435664 0.016084 0.016084 0.016084 
0.389157 0.389157 0.027711 0.027711 0.027711 0.027711 0.027711 0.027711 0.027711 0.027711 
Document::21
0.002576 0.405711 0.002576 0.069765 0.002576 0.002576 0.002576 0.304927 0.136954 0.069765 
0.020354 0.020354 0.020354 0.020354 0.020354 0.020354 0.551327 0.020354 0.020354 0.285841 
0.285841 0.551327 0.020354 0.020354 0.020354 0.020354 0.020354 0.020354 0.020354 0.020354 
Document::22
0.003367 0.574378 0.003367 0.003367 0.003367 0.003367 0.003367 0.398682 0.003367 0.003367 
0.020354 0.020354 0.020354 0.020354 0.285841 0.020354 0.020354 0.020354 0.020354 0.551327 
0.243141 0.302783 0.004573 0.064215 0.004573 0.243141 0.004573 0.123857 0.004573 0.004573 
Document::23
0.002144 0.002144 0.002144 0.030103 0.002144 0.197856 0.002144 0.617241 0.002144 0.141938 
0.043396 0.043396 0.043396 0.043396 0.043396 0.043396 0.043396 0.043396 0.043396 0.609434 
0.533526 0.360116 0.013295 0.013295 0.013295 0.013295 0.013295 0.013295 0.013295 0.013295 
Document::24
0.032859 0.002340 0.002340 0.002340 0.002340 0.215972 0.002340 0.734791 0.002340 0.002340 
0.027711 0.750602 0.027711 0.027711 0.027711 0.027711 0.027711 0.027711 0.027711 0.027711 
0.009871 0.138627 0.396137 0.138627 0.009871 0.009871 0.009871 0.267382 0.009871 0.009871 
Document::25
0.002665 0.002665 0.002665 0.002665 0.002665 0.489340 0.002665 0.489340 0.002665 0.002665 
0.360116 0.013295 0.186705 0.013295 0.013295 0.013295 0.360116 0.013295 0.013295 0.013295 
0.006516 0.091501 0.006516 0.091501 0.006516 0.431445 0.006516 0.346459 0.006516 0.006516 
Document::26
0.002030 0.054987 0.319771 0.002030 0.002030 0.240335 0.002030 0.346249 0.028508 0.002030 
0.100000 0.100000 0.100000 0.100000 0.100000 0.100000 0.100000 0.100000 0.100000 0.100000 
0.005569 0.150847 0.005569 0.368765 0.005569 0.296126 0.150847 0.005569 0.005569 0.005569 
Document::27
0.067497 0.002492 0.100000 0.002492 0.002492 0.522535 0.002492 0.295016 0.002492 0.002492 
0.016084 0.016084 0.016084 0.016084 0.016084 0.855245 0.016084 0.016084 0.016084 0.016084 
0.285841 0.020354 0.020354 0.551327 0.020354 0.020354 0.020354 0.020354 0.020354 0.020354 
Document::28
0.063090 0.247642 0.001572 0.001572 0.022078 0.657758 0.001572 0.001572 0.001572 0.001572 
0.609434 0.043396 0.043396 0.043396 0.043396 0.043396 0.043396 0.043396 0.043396 0.043396 
0.016084 0.016084 0.435664 0.435664 0.016084 0.016084 0.016084 0.016084 0.016084 0.016084 
Document::29
0.198325 0.220175 0.154625 0.001675 0.001675 0.394975 0.001675 0.001675 0.001675 0.023525 
0.043396 0.043396 0.609434 0.043396 0.043396 0.043396 0.043396 0.043396 0.043396 0.043396 
0.020354 0.020354 0.551327 0.020354 0.020354 0.020354 0.020354 0.020354 0.285841 0.020354 
Document::30
0.001928 0.177955 0.001928 0.027075 0.001928 0.102515 0.152808 0.001928 0.530008 0.001928 
0.013295 0.013295 0.013295 0.013295 0.013295 0.013295 0.880347 0.013295 0.013295 0.013295 
0.043396 0.043396 0.043396 0.043396 0.043396 0.043396 0.043396 0.043396 0.609434 0.043396 
