d_0 d0 0.333333 0.574297 0.092369 
d_1 d1 0.724978 0.124456 0.150566 
d_2 d2 0.639371 0.143093 0.217535 
d_3 d3 0.737191 0.122363 0.140446 
d_4 d4 0.817595 0.066990 0.115416 
d_5 d5 0.733641 0.063895 0.202463 
d_6 d6 0.831137 0.128355 0.040508 
d_7 d7 0.657101 0.193525 0.149375 
d_8 d8 0.893420 0.012507 0.094073 
d_9 d9 0.870783 0.064608 0.064608 
d_10 d10 0.842848 0.087784 0.069368 
d_11 d11 0.713883 0.100775 0.185342 
d_12 d12 0.919479 0.066903 0.013618 
d_13 d13 0.926846 0.057281 0.015873 
d_14 d14 0.885980 0.065736 0.048284 
d_15 d15 0.905724 0.068783 0.025493 
d_16 d16 0.903432 0.048284 0.048284 
d_17 d17 0.839236 0.080382 0.080382 
d_18 d18 0.706335 0.137951 0.155713 
d_19 d19 0.750985 0.018125 0.230890 
d_20 d20 0.850232 0.094765 0.055003 
d_21 d21 0.798034 0.100983 0.100983 
d_22 d22 0.525789 0.086990 0.387221 
d_23 d23 0.826020 0.040801 0.133179 
d_24 d24 0.756736 0.063895 0.179369 
d_25 d25 0.621310 0.124550 0.254140 
d_26 d26 0.722116 0.014659 0.263225 
d_27 d27 0.782867 0.121289 0.095844 
d_28 d28 0.881857 0.031947 0.086197 
d_29 d29 0.892138 0.034438 0.073424 
d_30 d30 0.840733 0.121917 0.037350 
