Document::0
0.016084 0.016084 0.016084 0.016084 0.016084 0.016084 0.016084 0.016084 0.855245 0.016084 
0.043396 0.043396 0.043396 0.043396 0.043396 0.043396 0.609434 0.043396 0.043396 0.043396 
0.043396 0.043396 0.043396 0.043396 0.043396 0.043396 0.043396 0.609434 0.043396 0.043396 
Document::1
0.002665 0.002665 0.002665 0.141715 0.002665 0.002665 0.002665 0.106952 0.697914 0.037428 
0.551327 0.020354 0.020354 0.020354 0.020354 0.020354 0.285841 0.020354 0.020354 0.020354 
0.013295 0.013295 0.013295 0.186705 0.013295 0.013295 0.013295 0.706936 0.013295 0.013295 
Document::2
0.002975 0.080595 0.197025 0.274644 0.002975 0.002975 0.002975 0.119405 0.313454 0.002975 
0.020354 0.816814 0.020354 0.020354 0.020354 0.020354 0.020354 0.020354 0.020354 0.020354 
0.192879 0.471517 0.192879 0.007121 0.007121 0.007121 0.100000 0.007121 0.007121 0.007121 
Document::3
0.001928 0.001928 0.001928 0.353982 0.001928 0.001928 0.001928 0.077368 0.555155 0.001928 
0.693156 0.236882 0.008745 0.008745 0.008745 0.008745 0.008745 0.008745 0.008745 0.008745 
0.011330 0.011330 0.011330 0.011330 0.011330 0.750246 0.011330 0.159113 0.011330 0.011330 
Document::4
0.002413 0.002413 0.222770 0.285729 0.002413 0.002413 0.033893 0.254250 0.191291 0.002413 
0.855245 0.016084 0.016084 0.016084 0.016084 0.016084 0.016084 0.016084 0.016084 0.016084 
0.016084 0.225874 0.016084 0.016084 0.016084 0.016084 0.016084 0.016084 0.016084 0.645455 
Document::5
0.002492 0.197508 0.425027 0.100000 0.067497 0.132503 0.002492 0.067497 0.002492 0.002492 
0.011330 0.454680 0.011330 0.011330 0.306897 0.011330 0.011330 0.159113 0.011330 0.011330 
0.013295 0.360116 0.013295 0.013295 0.013295 0.013295 0.013295 0.533526 0.013295 0.013295 
Document::6
0.001305 0.018321 0.307601 0.273568 0.171469 0.001305 0.001305 0.001305 0.205502 0.018321 
0.013295 0.533526 0.360116 0.013295 0.013295 0.013295 0.013295 0.013295 0.013295 0.013295 
0.020354 0.551327 0.285841 0.020354 0.020354 0.020354 0.020354 0.020354 0.020354 0.020354 
Document::7
0.002576 0.002576 0.640873 0.002576 0.002576 0.103359 0.237738 0.002576 0.002576 0.002576 
0.008745 0.465019 0.008745 0.008745 0.236882 0.008745 0.008745 0.008745 0.236882 0.008745 
0.011330 0.454680 0.159113 0.011330 0.306897 0.011330 0.011330 0.011330 0.011330 0.011330 
Document::8
0.171469 0.001305 0.205502 0.001305 0.001305 0.001305 0.324617 0.069370 0.222518 0.001305 
0.100000 0.100000 0.100000 0.100000 0.100000 0.100000 0.100000 0.100000 0.100000 0.100000 
0.043396 0.043396 0.043396 0.043396 0.043396 0.043396 0.043396 0.043396 0.609434 0.043396 
Document::9
0.399299 0.025175 0.001793 0.001793 0.188854 0.001793 0.212237 0.001793 0.048558 0.118706 
0.006516 0.346459 0.006516 0.091501 0.006516 0.006516 0.516431 0.006516 0.006516 0.006516 
0.020354 0.020354 0.020354 0.020354 0.020354 0.816814 0.020354 0.020354 0.020354 0.020354 
Document::10
0.046389 0.001713 0.269769 0.046389 0.292107 0.001713 0.247431 0.091065 0.001713 0.001713 
0.013295 0.013295 0.013295 0.013295 0.013295 0.013295 0.186705 0.013295 0.706936 0.013295 
0.020354 0.020354 0.285841 0.551327 0.020354 0.020354 0.020354 0.020354 0.020354 0.020354 
Document::11
0.001978 0.027773 0.105159 0.001978 0.234136 0.001978 0.492089 0.079364 0.001978 0.053568 
0.100000 0.100000 0.100000 0.100000 0.100000 0.100000 0.100000 0.100000 0.100000 0.100000 
0.396137 0.267382 0.009871 0.009871 0.009871 0.009871 0.267382 0.009871 0.009871 0.009871 
Document::12
0.001481 0.001481 0.156021 0.001481 0.001481 0.001481 0.426465 0.001481 0.059433 0.349195 
0.020354 0.816814 0.020354 0.020354 0.020354 0.020354 0.020354 0.020354 0.020354 0.020354 
0.100000 0.100000 0.100000 0.100000 0.100000 0.100000 0.100000 0.100000 0.100000 0.100000 
Document::13
0.001713 0.470812 0.001713 0.001713 0.068727 0.001713 0.448474 0.001713 0.001713 0.001713 
0.027711 0.027711 0.027711 0.750602 0.027711 0.027711 0.027711 0.027711 0.027711 0.027711 
0.100000 0.100000 0.100000 0.100000 0.100000 0.100000 0.100000 0.100000 0.100000 0.100000 
Document::14
0.001605 0.378437 0.001605 0.001605 0.001605 0.001605 0.524983 0.001605 0.001605 0.085345 
0.013295 0.360116 0.013295 0.186705 0.013295 0.013295 0.013295 0.013295 0.013295 0.360116 
0.020354 0.551327 0.020354 0.020354 0.020354 0.020354 0.020354 0.020354 0.020354 0.285841 
Document::15
0.001262 0.083544 0.017718 0.297477 0.034174 0.001262 0.363302 0.001262 0.034174 0.165826 
0.020354 0.020354 0.020354 0.020354 0.285841 0.020354 0.551327 0.020354 0.020354 0.020354 
0.225874 0.016084 0.016084 0.016084 0.016084 0.016084 0.016084 0.645455 0.016084 0.016084 
Document::16
0.001510 0.178792 0.001510 0.218188 0.060604 0.001510 0.218188 0.100000 0.159094 0.060604 
0.020354 0.020354 0.020354 0.020354 0.020354 0.551327 0.285841 0.020354 0.020354 0.020354 
0.027711 0.027711 0.027711 0.027711 0.027711 0.389157 0.027711 0.027711 0.027711 0.389157 
Document::17
0.227136 0.001572 0.124607 0.145113 0.001572 0.001572 0.350171 0.124607 0.022078 0.001572 
0.007850 0.724573 0.007850 0.007850 0.007850 0.007850 0.212628 0.007850 0.007850 0.007850 
0.100000 0.100000 0.100000 0.100000 0.100000 0.100000 0.100000 0.100000 0.100000 0.100000 
Document::18
0.271709 0.100000 0.026410 0.345298 0.173590 0.001881 0.001881 0.001881 0.075470 0.001881 
0.009871 0.009871 0.009871 0.009871 0.009871 0.009871 0.782403 0.138627 0.009871 0.009871 
0.009871 0.009871 0.267382 0.009871 0.009871 0.009871 0.009871 0.009871 0.009871 0.653648 
Document::19
0.425027 0.230011 0.132503 0.034995 0.034995 0.002492 0.002492 0.002492 0.002492 0.132503 
0.043396 0.609434 0.043396 0.043396 0.043396 0.043396 0.043396 0.043396 0.043396 0.043396 
0.007850 0.007850 0.315017 0.212628 0.007850 0.110239 0.212628 0.007850 0.110239 0.007850 
Document::20
0.259002 0.469447 0.001793 0.001793 0.001793 0.001793 0.188854 0.001793 0.001793 0.071941 
0.013295 0.186705 0.013295 0.013295 0.360116 0.013295 0.360116 0.013295 0.013295 0.013295 
0.043396 0.609434 0.043396 0.043396 0.043396 0.043396 0.043396 0.043396 0.043396 0.043396 
Document::21
0.002576 0.372116 0.036170 0.002576 0.002576 0.002576 0.036170 0.372116 0.036170 0.136954 
0.020354 0.020354 0.020354 0.020354 0.020354 0.020354 0.816814 0.020354 0.020354 0.020354 
0.285841 0.551327 0.020354 0.020354 0.020354 0.020354 0.020354 0.020354 0.020354 0.020354 
Document::22
0.002761 0.434934 0.002761 0.002761 0.002761 0.002761 0.002761 0.362905 0.002761 0.182833 
0.100000 0.100000 0.100000 0.100000 0.100000 0.100000 0.100000 0.100000 0.100000 0.100000 
0.276072 0.343792 0.005192 0.072912 0.005192 0.276072 0.005192 0.005192 0.005192 0.005192 
Document::23
0.093896 0.002340 0.002340 0.063377 0.002340 0.063377 0.002340 0.765310 0.002340 0.002340 
0.016084 0.225874 0.016084 0.016084 0.435664 0.016084 0.016084 0.225874 0.016084 0.016084 
0.533526 0.360116 0.013295 0.013295 0.013295 0.013295 0.013295 0.013295 0.013295 0.013295 
Document::24
0.002270 0.002270 0.002270 0.031885 0.061500 0.150346 0.002270 0.594571 0.002270 0.150346 
0.013295 0.880347 0.013295 0.013295 0.013295 0.013295 0.013295 0.013295 0.013295 0.013295 
0.020354 0.285841 0.551327 0.020354 0.020354 0.020354 0.020354 0.020354 0.020354 0.020354 
Document::25
0.002492 0.002492 0.002492 0.002492 0.002492 0.587541 0.002492 0.392524 0.002492 0.002492 
0.186705 0.013295 0.013295 0.186705 0.013295 0.013295 0.533526 0.013295 0.013295 0.013295 
0.007850 0.007850 0.007850 0.007850 0.007850 0.417406 0.007850 0.519795 0.007850 0.007850 
Document::26
0.001978 0.105159 0.285727 0.001978 0.001978 0.285727 0.001978 0.311522 0.001978 0.001978 
0.100000 0.100000 0.100000 0.100000 0.100000 0.100000 0.100000 0.100000 0.100000 0.100000 
0.006005 0.162663 0.006005 0.475979 0.006005 0.319321 0.006005 0.006005 0.006005 0.006005 
Document::27
0.002340 0.002340 0.032859 0.002340 0.002340 0.582197 0.002340 0.277009 0.093896 0.002340 
0.100000 0.100000 0.100000 0.100000 0.100000 0.100000 0.100000 0.100000 0.100000 0.100000 
0.186705 0.013295 0.360116 0.360116 0.013295 0.013295 0.013295 0.013295 0.013295 0.013295 
Document::28
0.001675 0.132775 0.023525 0.001675 0.001675 0.831974 0.001675 0.001675 0.001675 0.001675 
0.609434 0.043396 0.043396 0.043396 0.043396 0.043396 0.043396 0.043396 0.043396 0.043396 
0.009871 0.009871 0.267382 0.267382 0.009871 0.009871 0.396137 0.009871 0.009871 0.009871 
Document::29
0.025778 0.289146 0.217318 0.049721 0.001836 0.360974 0.001836 0.049721 0.001836 0.001836 
0.013295 0.013295 0.186705 0.013295 0.013295 0.013295 0.706936 0.013295 0.013295 0.013295 
0.285841 0.020354 0.020354 0.020354 0.020354 0.020354 0.020354 0.285841 0.285841 0.020354 
Document::30
0.001978 0.285727 0.001978 0.001978 0.001978 0.234136 0.105159 0.001978 0.363113 0.001978 
0.011330 0.306897 0.011330 0.011330 0.011330 0.011330 0.602463 0.011330 0.011330 0.011330 
0.043396 0.043396 0.043396 0.043396 0.043396 0.043396 0.609434 0.043396 0.043396 0.043396 
