d_0 d0 0.212851 0.574297 0.212851 
d_1 d1 0.751088 0.072237 0.176675 
d_2 d2 0.589744 0.192721 0.217535 
d_3 d3 0.682942 0.140446 0.176612 
d_4 d4 0.672316 0.139629 0.188055 
d_5 d5 0.548884 0.202463 0.248653 
d_6 d6 0.860420 0.084431 0.055149 
d_7 d7 0.723326 0.149375 0.127299 
d_8 d8 0.926047 0.012507 0.061446 
d_9 d9 0.802173 0.150372 0.047456 
d_10 d10 0.806016 0.124616 0.069368 
d_11 d11 0.735025 0.079634 0.185342 
d_12 d12 0.937241 0.049142 0.013618 
d_13 d13 0.906142 0.015873 0.077985 
d_14 d14 0.851076 0.065736 0.083188 
d_15 d15 0.862434 0.025493 0.112073 
d_16 d16 0.728912 0.170448 0.100640 
d_17 d17 0.822372 0.114109 0.063519 
d_18 d18 0.706335 0.137951 0.155713 
d_19 d19 0.845548 0.041765 0.112687 
d_20 d20 0.790590 0.114645 0.094765 
d_21 d21 0.744415 0.208222 0.047364 
d_22 d22 0.479600 0.133179 0.387221 
d_23 d23 0.710547 0.156274 0.133179 
d_24 d24 0.687452 0.202463 0.110085 
d_25 d25 0.599712 0.124550 0.275738 
d_26 d26 0.722116 0.014659 0.263225 
d_27 d27 0.808312 0.095844 0.095844 
d_28 d28 0.827607 0.013864 0.158529 
d_29 d29 0.872645 0.034438 0.092917 
d_30 d30 0.777308 0.143058 0.079634 
