Document::0
0.043396 0.043396 0.043396 0.043396 0.043396 0.043396 0.043396 0.043396 0.609434 0.043396 
0.016084 0.016084 0.225874 0.016084 0.016084 0.016084 0.645455 0.016084 0.016084 0.016084 
0.043396 0.043396 0.043396 0.043396 0.043396 0.043396 0.043396 0.043396 0.043396 0.609434 
Document::1
0.002665 0.037428 0.072190 0.106952 0.002665 0.002665 0.072190 0.141715 0.558864 0.002665 
0.750602 0.027711 0.027711 0.027711 0.027711 0.027711 0.027711 0.027711 0.027711 0.027711 
0.011330 0.011330 0.011330 0.011330 0.011330 0.011330 0.011330 0.306897 0.011330 0.602463 
Document::2
0.003226 0.087377 0.171529 0.129453 0.003226 0.003226 0.003226 0.171529 0.423983 0.003226 
0.009871 0.267382 0.009871 0.009871 0.009871 0.009871 0.653648 0.009871 0.009871 0.009871 
0.236882 0.465019 0.008745 0.008745 0.008745 0.008745 0.008745 0.008745 0.008745 0.236882 
Document::3
0.002030 0.002030 0.002030 0.028508 0.002030 0.002030 0.002030 0.187379 0.769903 0.002030 
0.396137 0.524893 0.009871 0.009871 0.009871 0.009871 0.009871 0.009871 0.009871 0.009871 
0.007850 0.007850 0.007850 0.007850 0.007850 0.417406 0.007850 0.007850 0.007850 0.519795 
Document::4
0.002761 0.002761 0.398920 0.002761 0.002761 0.002761 0.002761 0.362905 0.146819 0.074790 
0.360116 0.013295 0.013295 0.013295 0.533526 0.013295 0.013295 0.013295 0.013295 0.013295 
0.009871 0.524893 0.009871 0.009871 0.009871 0.009871 0.009871 0.009871 0.009871 0.396137 
Document::5
0.045302 0.087377 0.339832 0.129453 0.045302 0.003226 0.003226 0.213604 0.003226 0.129453 
0.008745 0.465019 0.008745 0.008745 0.350951 0.008745 0.008745 0.122814 0.008745 0.008745 
0.007121 0.100000 0.007121 0.100000 0.007121 0.007121 0.007121 0.285759 0.007121 0.471517 
Document::6
0.001305 0.001305 0.239535 0.341634 0.375666 0.018321 0.001305 0.001305 0.018321 0.001305 
0.013295 0.533526 0.186705 0.013295 0.013295 0.013295 0.186705 0.013295 0.013295 0.013295 
0.020354 0.551327 0.285841 0.020354 0.020354 0.020354 0.020354 0.020354 0.020354 0.020354 
Document::7
0.002340 0.002340 0.307528 0.338047 0.063377 0.002340 0.185453 0.063377 0.002340 0.032859 
0.011330 0.602463 0.011330 0.011330 0.159113 0.011330 0.011330 0.011330 0.159113 0.011330 
0.013295 0.533526 0.013295 0.013295 0.186705 0.013295 0.013295 0.186705 0.013295 0.013295 
Document::8
0.001351 0.001351 0.318438 0.001351 0.142278 0.001351 0.283206 0.036583 0.212742 0.001351 
0.100000 0.100000 0.100000 0.100000 0.100000 0.100000 0.100000 0.100000 0.100000 0.100000 
0.285841 0.020354 0.020354 0.020354 0.020354 0.020354 0.020354 0.020354 0.551327 0.020354 
Document::9
0.258232 0.087170 0.001639 0.001639 0.172701 0.172701 0.129936 0.001639 0.172701 0.001639 
0.008745 0.236882 0.008745 0.122814 0.008745 0.008745 0.579087 0.008745 0.008745 0.008745 
0.027711 0.027711 0.027711 0.027711 0.027711 0.750602 0.027711 0.027711 0.027711 0.027711 
Document::10
0.001752 0.001752 0.070297 0.001752 0.024600 0.732902 0.161691 0.001752 0.001752 0.001752 
0.011330 0.011330 0.011330 0.011330 0.011330 0.011330 0.602463 0.011330 0.306897 0.011330 
0.020354 0.020354 0.020354 0.816814 0.020354 0.020354 0.020354 0.020354 0.020354 0.020354 
Document::11
0.002205 0.030968 0.002205 0.002205 0.002205 0.548706 0.376127 0.030968 0.002205 0.002205 
0.020354 0.020354 0.020354 0.020354 0.020354 0.020354 0.020354 0.816814 0.020354 0.020354 
0.008745 0.236882 0.350951 0.008745 0.008745 0.008745 0.350951 0.008745 0.008745 0.008745 
Document::12
0.020404 0.001453 0.115161 0.001453 0.001453 0.001453 0.399431 0.001453 0.020404 0.437334 
0.027711 0.750602 0.027711 0.027711 0.027711 0.027711 0.027711 0.027711 0.027711 0.027711 
0.100000 0.100000 0.100000 0.100000 0.100000 0.100000 0.100000 0.100000 0.100000 0.100000 
Document::13
0.001752 0.367327 0.001752 0.024600 0.024600 0.184539 0.207388 0.001752 0.001752 0.184539 
0.100000 0.100000 0.100000 0.100000 0.100000 0.100000 0.100000 0.100000 0.100000 0.100000 
0.020354 0.020354 0.020354 0.020354 0.020354 0.020354 0.816814 0.020354 0.020354 0.020354 
Document::14
0.001572 0.309159 0.001572 0.001572 0.001572 0.001572 0.616746 0.001572 0.001572 0.063090 
0.020354 0.020354 0.020354 0.285841 0.020354 0.020354 0.020354 0.020354 0.020354 0.551327 
0.016084 0.225874 0.016084 0.016084 0.016084 0.435664 0.225874 0.016084 0.016084 0.016084 
Document::15
0.001283 0.084941 0.084941 0.386113 0.001283 0.185332 0.084941 0.135137 0.034746 0.001283 
0.043396 0.043396 0.043396 0.043396 0.043396 0.043396 0.043396 0.043396 0.609434 0.043396 
0.138627 0.009871 0.009871 0.009871 0.009871 0.009871 0.396137 0.396137 0.009871 0.009871 
Document::16
0.001836 0.289146 0.001836 0.265204 0.001836 0.001836 0.025778 0.265204 0.145491 0.001836 
0.007850 0.724573 0.007850 0.110239 0.110239 0.007850 0.007850 0.007850 0.007850 0.007850 
0.013295 0.013295 0.013295 0.013295 0.533526 0.186705 0.013295 0.013295 0.013295 0.186705 
Document::17
0.104101 0.001572 0.186124 0.124607 0.288653 0.001572 0.186124 0.083595 0.022078 0.001572 
0.011330 0.898030 0.011330 0.011330 0.011330 0.011330 0.011330 0.011330 0.011330 0.011330 
0.020354 0.020354 0.285841 0.020354 0.020354 0.020354 0.285841 0.285841 0.020354 0.020354 
Document::18
0.177955 0.102515 0.077368 0.177955 0.353982 0.052221 0.001928 0.001928 0.052221 0.001928 
0.009871 0.009871 0.009871 0.009871 0.009871 0.009871 0.524893 0.138627 0.267382 0.009871 
0.008745 0.008745 0.122814 0.122814 0.008745 0.008745 0.008745 0.008745 0.236882 0.465019 
Document::19
0.253774 0.225815 0.002144 0.030103 0.113979 0.197856 0.002144 0.030103 0.002144 0.141938 
0.043396 0.043396 0.043396 0.043396 0.609434 0.043396 0.043396 0.043396 0.043396 0.043396 
0.016084 0.016084 0.225874 0.645455 0.016084 0.016084 0.016084 0.016084 0.016084 0.016084 
Document::20
0.027075 0.404275 0.001928 0.001928 0.328835 0.001928 0.152808 0.077368 0.001928 0.001928 
0.013295 0.186705 0.013295 0.013295 0.013295 0.013295 0.013295 0.013295 0.706936 0.013295 
0.016084 0.225874 0.016084 0.016084 0.016084 0.016084 0.645455 0.016084 0.016084 0.016084 
Document::21
0.038776 0.182833 0.002761 0.002761 0.290876 0.002761 0.002761 0.326891 0.002761 0.146819 
0.009871 0.009871 0.009871 0.267382 0.009871 0.138627 0.396137 0.009871 0.009871 0.138627 
0.609434 0.043396 0.043396 0.043396 0.043396 0.043396 0.043396 0.043396 0.043396 0.043396 
Document::22
0.003692 0.292616 0.003692 0.003692 0.003692 0.244462 0.003692 0.437079 0.003692 0.003692 
0.013295 0.013295 0.013295 0.013295 0.186705 0.360116 0.013295 0.013295 0.013295 0.360116 
0.302783 0.302783 0.004573 0.004573 0.004573 0.243141 0.004573 0.123857 0.004573 0.004573 
Document::23
0.002492 0.002492 0.002492 0.034995 0.002492 0.295016 0.002492 0.652546 0.002492 0.002492 
0.011330 0.306897 0.011330 0.011330 0.306897 0.011330 0.011330 0.159113 0.011330 0.159113 
0.533526 0.360116 0.013295 0.013295 0.013295 0.013295 0.013295 0.013295 0.013295 0.013295 
Document::24
0.002576 0.002576 0.036170 0.002576 0.002576 0.103359 0.002576 0.808847 0.002576 0.036170 
0.236882 0.579087 0.008745 0.008745 0.008745 0.008745 0.122814 0.008745 0.008745 0.008745 
0.016084 0.016084 0.645455 0.225874 0.016084 0.016084 0.016084 0.016084 0.016084 0.016084 
Document::25
0.002761 0.218848 0.002761 0.002761 0.002761 0.362905 0.002761 0.398920 0.002761 0.002761 
0.013295 0.533526 0.186705 0.013295 0.013295 0.013295 0.013295 0.013295 0.186705 0.013295 
0.006005 0.006005 0.084334 0.006005 0.006005 0.319321 0.006005 0.554308 0.006005 0.006005 
Document::26
0.002030 0.240335 0.187379 0.002030 0.002030 0.002030 0.054987 0.319771 0.002030 0.187379 
0.100000 0.100000 0.100000 0.100000 0.100000 0.100000 0.100000 0.100000 0.100000 0.100000 
0.005569 0.150847 0.005569 0.514044 0.005569 0.296126 0.005569 0.005569 0.005569 0.005569 
Document::27
0.002413 0.096852 0.317209 0.002413 0.002413 0.191291 0.002413 0.222770 0.159811 0.002413 
0.020354 0.020354 0.020354 0.020354 0.020354 0.816814 0.020354 0.020354 0.020354 0.020354 
0.285841 0.020354 0.020354 0.551327 0.020354 0.020354 0.020354 0.020354 0.020354 0.020354 
Document::28
0.001675 0.351275 0.373125 0.001675 0.001675 0.263875 0.001675 0.001675 0.001675 0.001675 
0.100000 0.100000 0.100000 0.100000 0.100000 0.100000 0.100000 0.100000 0.100000 0.100000 
0.008745 0.008745 0.236882 0.465019 0.008745 0.008745 0.236882 0.008745 0.008745 0.008745 
Document::29
0.046389 0.247431 0.403797 0.046389 0.024051 0.202755 0.001713 0.001713 0.001713 0.024051 
0.043396 0.043396 0.609434 0.043396 0.043396 0.043396 0.043396 0.043396 0.043396 0.043396 
0.016084 0.016084 0.435664 0.016084 0.016084 0.016084 0.016084 0.016084 0.435664 0.016084 
Document::30
0.002085 0.301269 0.029284 0.002085 0.002085 0.002085 0.056482 0.110879 0.464461 0.029284 
0.011330 0.159113 0.011330 0.159113 0.011330 0.011330 0.602463 0.011330 0.011330 0.011330 
0.020354 0.020354 0.020354 0.020354 0.020354 0.020354 0.020354 0.020354 0.020354 0.816814 
