Document::0
0.027711 0.027711 0.027711 0.027711 0.027711 0.027711 0.027711 0.027711 0.750602 0.027711 
0.027711 0.027711 0.389157 0.027711 0.027711 0.027711 0.389157 0.027711 0.027711 0.027711 
0.027711 0.027711 0.027711 0.027711 0.027711 0.027711 0.027711 0.389157 0.027711 0.389157 
Document::1
0.002665 0.002665 0.002665 0.246002 0.002665 0.002665 0.002665 0.106952 0.558864 0.072190 
0.013295 0.013295 0.013295 0.013295 0.013295 0.013295 0.880347 0.013295 0.013295 0.013295 
0.020354 0.020354 0.020354 0.020354 0.020354 0.020354 0.020354 0.816814 0.020354 0.020354 
Document::2
0.003096 0.083849 0.285734 0.245357 0.003096 0.043472 0.003096 0.003096 0.326110 0.003096 
0.016084 0.225874 0.016084 0.016084 0.225874 0.016084 0.435664 0.016084 0.016084 0.016084 
0.192879 0.378638 0.007121 0.192879 0.007121 0.007121 0.100000 0.007121 0.007121 0.100000 
Document::3
0.001793 0.025175 0.001793 0.329150 0.001793 0.001793 0.001793 0.048558 0.562977 0.025175 
0.267382 0.653648 0.009871 0.009871 0.009871 0.009871 0.009871 0.009871 0.009871 0.009871 
0.016084 0.016084 0.016084 0.016084 0.016084 0.855245 0.016084 0.016084 0.016084 0.016084 
Document::4
0.002413 0.002413 0.222770 0.065373 0.002413 0.033893 0.096852 0.443127 0.128332 0.002413 
0.816814 0.020354 0.020354 0.020354 0.020354 0.020354 0.020354 0.020354 0.020354 0.020354 
0.013295 0.360116 0.013295 0.013295 0.013295 0.013295 0.013295 0.013295 0.013295 0.533526 
Document::5
0.002492 0.002492 0.230011 0.067497 0.002492 0.002492 0.002492 0.360022 0.002492 0.327519 
0.267382 0.267382 0.009871 0.009871 0.138627 0.009871 0.009871 0.267382 0.009871 0.009871 
0.016084 0.225874 0.016084 0.016084 0.016084 0.016084 0.016084 0.225874 0.016084 0.435664 
Document::6
0.001351 0.001351 0.247974 0.142278 0.388902 0.001351 0.001351 0.018967 0.195126 0.001351 
0.009871 0.653648 0.138627 0.009871 0.009871 0.009871 0.138627 0.009871 0.009871 0.009871 
0.020354 0.551327 0.020354 0.285841 0.020354 0.020354 0.020354 0.020354 0.020354 0.020354 
Document::7
0.002492 0.034995 0.652546 0.002492 0.002492 0.002492 0.295016 0.002492 0.002492 0.002492 
0.007850 0.826962 0.007850 0.007850 0.007850 0.110239 0.007850 0.007850 0.007850 0.007850 
0.016084 0.645455 0.016084 0.016084 0.225874 0.016084 0.016084 0.016084 0.016084 0.016084 
Document::8
0.001375 0.019307 0.126898 0.001375 0.001375 0.001375 0.467603 0.001375 0.377944 0.001375 
0.027711 0.027711 0.027711 0.027711 0.027711 0.027711 0.750602 0.027711 0.027711 0.027711 
0.027711 0.027711 0.389157 0.389157 0.027711 0.027711 0.027711 0.027711 0.027711 0.027711 
Document::9
0.388908 0.053568 0.001978 0.001978 0.001978 0.001978 0.440499 0.001978 0.053568 0.053568 
0.006005 0.475979 0.006005 0.006005 0.006005 0.006005 0.475979 0.006005 0.006005 0.006005 
0.011330 0.306897 0.011330 0.159113 0.011330 0.306897 0.011330 0.011330 0.159113 0.011330 
Document::10
0.025778 0.001836 0.193376 0.001836 0.121548 0.241261 0.241261 0.001836 0.025778 0.145491 
0.009871 0.009871 0.009871 0.009871 0.009871 0.009871 0.524893 0.009871 0.396137 0.009871 
0.016084 0.016084 0.016084 0.645455 0.016084 0.016084 0.016084 0.016084 0.225874 0.016084 
Document::11
0.266814 0.002030 0.028508 0.002030 0.002030 0.346249 0.346249 0.002030 0.002030 0.002030 
0.027711 0.027711 0.027711 0.027711 0.027711 0.027711 0.389157 0.389157 0.027711 0.027711 
0.306897 0.454680 0.159113 0.011330 0.011330 0.011330 0.011330 0.011330 0.011330 0.011330 
Document::12
0.001453 0.001453 0.077258 0.001453 0.001453 0.020404 0.437334 0.001453 0.058307 0.399431 
0.027711 0.750602 0.027711 0.027711 0.027711 0.027711 0.027711 0.027711 0.027711 0.027711 
0.100000 0.100000 0.100000 0.100000 0.100000 0.100000 0.100000 0.100000 0.100000 0.100000 
Document::13
0.001752 0.550114 0.024600 0.001752 0.093145 0.093145 0.207388 0.001752 0.024600 0.001752 
0.020354 0.020354 0.285841 0.020354 0.551327 0.020354 0.020354 0.020354 0.020354 0.020354 
0.100000 0.100000 0.100000 0.100000 0.100000 0.100000 0.100000 0.100000 0.100000 0.100000 
Document::14
0.001481 0.329878 0.001481 0.001481 0.059433 0.001481 0.581005 0.001481 0.001481 0.020798 
0.043396 0.043396 0.043396 0.609434 0.043396 0.043396 0.043396 0.043396 0.043396 0.043396 
0.020354 0.551327 0.020354 0.020354 0.020354 0.285841 0.020354 0.020354 0.020354 0.020354 
Document::15
0.001241 0.227901 0.001241 0.308851 0.001241 0.082191 0.260281 0.082191 0.033621 0.001241 
0.020354 0.020354 0.020354 0.020354 0.285841 0.020354 0.551327 0.020354 0.020354 0.020354 
0.551327 0.020354 0.020354 0.020354 0.020354 0.020354 0.020354 0.285841 0.020354 0.020354 
Document::16
0.001572 0.186124 0.001572 0.186124 0.083595 0.001572 0.309159 0.083595 0.145113 0.001572 
0.016084 0.435664 0.016084 0.016084 0.435664 0.016084 0.016084 0.016084 0.016084 0.016084 
0.020354 0.020354 0.020354 0.020354 0.285841 0.020354 0.285841 0.285841 0.020354 0.020354 
Document::17
0.336783 0.024051 0.091065 0.001713 0.001713 0.001713 0.426136 0.068727 0.046389 0.001713 
0.007850 0.826962 0.007850 0.007850 0.007850 0.007850 0.110239 0.007850 0.007850 0.007850 
0.016084 0.016084 0.016084 0.016084 0.016084 0.016084 0.016084 0.016084 0.435664 0.435664 
Document::18
0.337317 0.001978 0.001978 0.208340 0.130954 0.001978 0.001978 0.182545 0.130954 0.001978 
0.009871 0.009871 0.009871 0.009871 0.009871 0.009871 0.782403 0.138627 0.009871 0.009871 
0.007850 0.007850 0.212628 0.007850 0.007850 0.007850 0.007850 0.007850 0.212628 0.519795 
Document::19
0.474607 0.222770 0.033893 0.159811 0.002413 0.033893 0.002413 0.002413 0.002413 0.065373 
0.043396 0.043396 0.043396 0.043396 0.043396 0.043396 0.609434 0.043396 0.043396 0.043396 
0.008745 0.008745 0.008745 0.236882 0.008745 0.008745 0.122814 0.122814 0.465019 0.008745 
Document::20
0.173590 0.566067 0.026410 0.050940 0.001881 0.001881 0.173590 0.001881 0.001881 0.001881 
0.027711 0.027711 0.027711 0.027711 0.027711 0.027711 0.750602 0.027711 0.027711 0.027711 
0.306897 0.159113 0.011330 0.159113 0.011330 0.011330 0.306897 0.011330 0.011330 0.011330 
Document::21
0.037428 0.454577 0.002665 0.037428 0.002665 0.002665 0.072190 0.350290 0.002665 0.037428 
0.186705 0.013295 0.013295 0.013295 0.013295 0.013295 0.706936 0.013295 0.013295 0.013295 
0.027711 0.750602 0.027711 0.027711 0.027711 0.027711 0.027711 0.027711 0.027711 0.027711 
Document::22
0.003522 0.554824 0.003522 0.003522 0.003522 0.003522 0.003522 0.416998 0.003522 0.003522 
0.043396 0.043396 0.043396 0.043396 0.609434 0.043396 0.043396 0.043396 0.043396 0.043396 
0.206239 0.307420 0.003879 0.054469 0.003879 0.307420 0.003879 0.105059 0.003879 0.003879 
Document::23
0.002340 0.002340 0.002340 0.124415 0.002340 0.185453 0.002340 0.643235 0.032859 0.002340 
0.016084 0.016084 0.016084 0.016084 0.435664 0.225874 0.016084 0.225874 0.016084 0.016084 
0.533526 0.360116 0.013295 0.013295 0.013295 0.013295 0.013295 0.013295 0.013295 0.013295 
Document::24
0.002340 0.002340 0.002340 0.002340 0.002340 0.032859 0.002340 0.765310 0.032859 0.154934 
0.009871 0.524893 0.009871 0.009871 0.009871 0.009871 0.138627 0.009871 0.267382 0.009871 
0.027711 0.389157 0.027711 0.389157 0.027711 0.027711 0.027711 0.027711 0.027711 0.027711 
Document::25
0.002576 0.136954 0.002576 0.002576 0.002576 0.439306 0.002576 0.405711 0.002576 0.002576 
0.020354 0.020354 0.285841 0.020354 0.020354 0.020354 0.285841 0.020354 0.285841 0.020354 
0.006005 0.084334 0.084334 0.006005 0.006005 0.319321 0.006005 0.475979 0.006005 0.006005 
Document::26
0.002085 0.165277 0.491659 0.002085 0.002085 0.002085 0.002085 0.328468 0.002085 0.002085 
0.027711 0.027711 0.027711 0.027711 0.027711 0.027711 0.027711 0.027711 0.750602 0.027711 
0.006005 0.162663 0.006005 0.475979 0.006005 0.319321 0.006005 0.006005 0.006005 0.006005 
Document::27
0.002975 0.002975 0.274644 0.002975 0.002975 0.429884 0.002975 0.274644 0.002975 0.002975 
0.027711 0.027711 0.027711 0.027711 0.027711 0.750602 0.027711 0.027711 0.027711 0.027711 
0.192879 0.007121 0.378638 0.192879 0.007121 0.007121 0.007121 0.007121 0.100000 0.100000 
Document::28
0.001675 0.307575 0.154625 0.001675 0.001675 0.526074 0.001675 0.001675 0.001675 0.001675 
0.100000 0.100000 0.100000 0.100000 0.100000 0.100000 0.100000 0.100000 0.100000 0.100000 
0.008745 0.008745 0.236882 0.236882 0.008745 0.008745 0.236882 0.008745 0.236882 0.008745 
Document::29
0.025778 0.241261 0.169433 0.001836 0.001836 0.289146 0.001836 0.073663 0.001836 0.193376 
0.020354 0.020354 0.285841 0.020354 0.020354 0.285841 0.020354 0.020354 0.285841 0.020354 
0.013295 0.013295 0.533526 0.013295 0.013295 0.013295 0.013295 0.013295 0.360116 0.013295 
Document::30
0.001881 0.345298 0.026410 0.050940 0.001881 0.173590 0.050940 0.026410 0.320769 0.001881 
0.013295 0.186705 0.013295 0.013295 0.013295 0.013295 0.706936 0.013295 0.013295 0.013295 
0.100000 0.100000 0.100000 0.100000 0.100000 0.100000 0.100000 0.100000 0.100000 0.100000 
