d_0 d0 0.574297 0.212851 0.212851 
d_1 d1 0.751088 0.098346 0.150566 
d_2 d2 0.639371 0.093466 0.267163 
d_3 d3 0.719108 0.158529 0.122363 
d_4 d4 0.769169 0.115416 0.115416 
d_5 d5 0.710547 0.156274 0.133179 
d_6 d6 0.860420 0.084431 0.055149 
d_7 d7 0.657101 0.193525 0.149375 
d_8 d8 0.958673 0.012507 0.028820 
d_9 d9 0.733562 0.201830 0.064608 
d_10 d10 0.824432 0.106200 0.069368 
d_11 d11 0.819591 0.016209 0.164200 
d_12 d12 0.919479 0.066903 0.013618 
d_13 d13 0.926846 0.057281 0.015873 
d_14 d14 0.833624 0.100640 0.065736 
d_15 d15 0.876864 0.054353 0.068783 
d_16 d16 0.885980 0.065736 0.048284 
d_17 d17 0.822372 0.164699 0.012929 
d_18 d18 0.724097 0.137951 0.137951 
d_19 d19 0.727344 0.041765 0.230890 
d_20 d20 0.850232 0.114645 0.035123 
d_21 d21 0.798034 0.100983 0.100983 
d_22 d22 0.641263 0.017706 0.341032 
d_23 d23 0.756736 0.110085 0.133179 
d_24 d24 0.779831 0.133179 0.086990 
d_25 d25 0.664507 0.124550 0.210943 
d_26 d26 0.741236 0.014659 0.244105 
d_27 d27 0.833757 0.019508 0.146735 
d_28 d28 0.827607 0.031947 0.140446 
d_29 d29 0.814165 0.112411 0.073424 
d_30 d30 0.819591 0.143058 0.037350 
