Document::0
0.043396 0.043396 0.043396 0.043396 0.043396 0.043396 0.043396 0.043396 0.609434 0.043396 
0.225874 0.016084 0.225874 0.016084 0.016084 0.016084 0.435664 0.016084 0.016084 0.016084 
0.043396 0.043396 0.043396 0.043396 0.043396 0.043396 0.043396 0.043396 0.043396 0.609434 
Document::1
0.002576 0.036170 0.103359 0.136954 0.002576 0.002576 0.002576 0.136954 0.506495 0.069765 
0.750602 0.027711 0.027711 0.027711 0.027711 0.027711 0.027711 0.027711 0.027711 0.027711 
0.013295 0.013295 0.013295 0.013295 0.013295 0.013295 0.013295 0.360116 0.013295 0.533526 
Document::2
0.002975 0.041785 0.274644 0.158215 0.002975 0.041785 0.002975 0.002975 0.468693 0.002975 
0.027711 0.027711 0.027711 0.027711 0.389157 0.027711 0.027711 0.389157 0.027711 0.027711 
0.006516 0.346459 0.176487 0.091501 0.006516 0.006516 0.091501 0.006516 0.006516 0.261473 
Document::3
0.001752 0.001752 0.001752 0.298781 0.001752 0.001752 0.001752 0.115994 0.572963 0.001752 
0.016084 0.855245 0.016084 0.016084 0.016084 0.016084 0.016084 0.016084 0.016084 0.016084 
0.011330 0.011330 0.011330 0.011330 0.011330 0.750246 0.011330 0.011330 0.011330 0.159113 
Document::4
0.002413 0.002413 0.096852 0.002413 0.065373 0.002413 0.002413 0.569045 0.096852 0.159811 
0.435664 0.016084 0.016084 0.016084 0.435664 0.016084 0.016084 0.016084 0.016084 0.016084 
0.016084 0.225874 0.016084 0.016084 0.016084 0.016084 0.016084 0.016084 0.016084 0.645455 
Document::5
0.002492 0.034995 0.392524 0.262514 0.002492 0.002492 0.002492 0.295016 0.002492 0.002492 
0.016084 0.225874 0.016084 0.016084 0.016084 0.016084 0.016084 0.435664 0.016084 0.225874 
0.009871 0.138627 0.009871 0.009871 0.009871 0.009871 0.009871 0.009871 0.009871 0.782403 
Document::6
0.001327 0.001327 0.382170 0.139815 0.260992 0.001327 0.001327 0.001327 0.209059 0.001327 
0.011330 0.602463 0.159113 0.011330 0.011330 0.011330 0.159113 0.011330 0.011330 0.011330 
0.020354 0.551327 0.020354 0.020354 0.020354 0.020354 0.020354 0.020354 0.020354 0.285841 
Document::7
0.002205 0.030968 0.721285 0.117258 0.002205 0.002205 0.117258 0.002205 0.002205 0.002205 
0.011330 0.602463 0.011330 0.011330 0.159113 0.159113 0.011330 0.011330 0.011330 0.011330 
0.020354 0.551327 0.020354 0.020354 0.285841 0.020354 0.020354 0.020354 0.020354 0.020354 
Document::8
0.001305 0.001305 0.154453 0.001305 0.001305 0.001305 0.409699 0.052354 0.341634 0.035337 
0.100000 0.100000 0.100000 0.100000 0.100000 0.100000 0.100000 0.100000 0.100000 0.100000 
0.043396 0.043396 0.043396 0.609434 0.043396 0.043396 0.043396 0.043396 0.043396 0.043396 
Document::9
0.263875 0.001675 0.023525 0.001675 0.285725 0.132775 0.198325 0.001675 0.089075 0.001675 
0.159113 0.306897 0.011330 0.011330 0.011330 0.011330 0.454680 0.011330 0.011330 0.011330 
0.013295 0.186705 0.013295 0.186705 0.013295 0.360116 0.013295 0.013295 0.013295 0.186705 
Document::10
0.001793 0.001793 0.095323 0.025175 0.235620 0.446064 0.118706 0.001793 0.001793 0.071941 
0.007850 0.110239 0.007850 0.007850 0.007850 0.007850 0.519795 0.007850 0.315017 0.007850 
0.043396 0.043396 0.043396 0.609434 0.043396 0.043396 0.043396 0.043396 0.043396 0.043396 
Document::11
0.002270 0.002270 0.031885 0.002270 0.002270 0.416881 0.535341 0.002270 0.002270 0.002270 
0.016084 0.016084 0.016084 0.016084 0.016084 0.016084 0.016084 0.855245 0.016084 0.016084 
0.122814 0.350951 0.236882 0.236882 0.008745 0.008745 0.008745 0.008745 0.008745 0.008745 
Document::12
0.001453 0.001453 0.172015 0.001453 0.001453 0.001453 0.361529 0.001453 0.020404 0.437334 
0.027711 0.750602 0.027711 0.027711 0.027711 0.027711 0.027711 0.027711 0.027711 0.027711 
0.100000 0.100000 0.100000 0.100000 0.100000 0.100000 0.100000 0.100000 0.100000 0.100000 
Document::13
0.001793 0.305768 0.001793 0.025175 0.048558 0.118706 0.259002 0.001793 0.001793 0.235620 
0.016084 0.225874 0.016084 0.435664 0.225874 0.016084 0.016084 0.016084 0.016084 0.016084 
0.100000 0.100000 0.100000 0.100000 0.100000 0.100000 0.100000 0.100000 0.100000 0.100000 
Document::14
0.001510 0.237886 0.001510 0.001510 0.001510 0.001510 0.730335 0.001510 0.001510 0.021208 
0.020354 0.285841 0.020354 0.285841 0.020354 0.020354 0.020354 0.020354 0.020354 0.285841 
0.027711 0.389157 0.027711 0.027711 0.027711 0.389157 0.027711 0.027711 0.027711 0.027711 
Document::15
0.018015 0.135137 0.001283 0.285722 0.001283 0.168600 0.235527 0.151868 0.001283 0.001283 
0.013295 0.013295 0.013295 0.013295 0.186705 0.013295 0.706936 0.013295 0.013295 0.013295 
0.285841 0.020354 0.020354 0.020354 0.020354 0.020354 0.020354 0.551327 0.020354 0.020354 
Document::16
0.001675 0.198325 0.001675 0.460524 0.001675 0.023525 0.045375 0.110925 0.132775 0.023525 
0.016084 0.016084 0.016084 0.016084 0.016084 0.016084 0.435664 0.016084 0.435664 0.016084 
0.011330 0.011330 0.011330 0.011330 0.159113 0.159113 0.306897 0.011330 0.159113 0.159113 
Document::17
0.139396 0.001510 0.119698 0.001510 0.139396 0.001510 0.454563 0.119698 0.021208 0.001510 
0.011330 0.306897 0.011330 0.011330 0.011330 0.011330 0.602463 0.011330 0.011330 0.011330 
0.043396 0.043396 0.043396 0.043396 0.043396 0.043396 0.043396 0.043396 0.043396 0.609434 
Document::18
0.145491 0.145491 0.049721 0.121548 0.217318 0.049721 0.001836 0.217318 0.049721 0.001836 
0.009871 0.009871 0.009871 0.009871 0.009871 0.009871 0.782403 0.138627 0.009871 0.009871 
0.011330 0.011330 0.306897 0.011330 0.011330 0.011330 0.011330 0.011330 0.011330 0.602463 
Document::19
0.154934 0.368566 0.002340 0.002340 0.093896 0.368566 0.002340 0.002340 0.002340 0.002340 
0.020354 0.020354 0.020354 0.020354 0.816814 0.020354 0.020354 0.020354 0.020354 0.020354 
0.013295 0.013295 0.186705 0.186705 0.013295 0.013295 0.013295 0.013295 0.186705 0.360116 
Document::20
0.001978 0.672657 0.027773 0.001978 0.079364 0.027773 0.156750 0.027773 0.001978 0.001978 
0.009871 0.267382 0.009871 0.009871 0.138627 0.009871 0.267382 0.009871 0.267382 0.009871 
0.551327 0.285841 0.020354 0.020354 0.020354 0.020354 0.020354 0.020354 0.020354 0.020354 
Document::21
0.002761 0.362905 0.002761 0.002761 0.002761 0.002761 0.110804 0.362905 0.038776 0.110804 
0.186705 0.013295 0.013295 0.013295 0.013295 0.013295 0.533526 0.013295 0.013295 0.186705 
0.285841 0.551327 0.020354 0.020354 0.020354 0.020354 0.020354 0.020354 0.020354 0.020354 
Document::22
0.003226 0.466059 0.003226 0.003226 0.003226 0.003226 0.003226 0.466059 0.003226 0.045302 
0.020354 0.020354 0.020354 0.020354 0.285841 0.020354 0.020354 0.020354 0.020354 0.551327 
0.258562 0.321987 0.004863 0.068288 0.004863 0.258562 0.004863 0.068288 0.004863 0.004863 
Document::23
0.032859 0.002340 0.002340 0.032859 0.032859 0.277009 0.002340 0.521160 0.002340 0.093896 
0.020354 0.020354 0.020354 0.020354 0.551327 0.020354 0.020354 0.285841 0.020354 0.020354 
0.602463 0.306897 0.011330 0.011330 0.011330 0.011330 0.011330 0.011330 0.011330 0.011330 
Document::24
0.002205 0.002205 0.203547 0.002205 0.030968 0.030968 0.002205 0.519942 0.002205 0.203547 
0.020354 0.551327 0.020354 0.285841 0.020354 0.020354 0.020354 0.020354 0.020354 0.020354 
0.016084 0.016084 0.645455 0.225874 0.016084 0.016084 0.016084 0.016084 0.016084 0.016084 
Document::25
0.002413 0.254250 0.002413 0.002413 0.033893 0.254250 0.002413 0.317209 0.002413 0.128332 
0.186705 0.013295 0.186705 0.013295 0.013295 0.013295 0.533526 0.013295 0.013295 0.013295 
0.008745 0.122814 0.008745 0.008745 0.008745 0.465019 0.008745 0.350951 0.008745 0.008745 
Document::26
0.001978 0.208340 0.337317 0.001978 0.001978 0.001978 0.001978 0.440499 0.001978 0.001978 
0.100000 0.100000 0.100000 0.100000 0.100000 0.100000 0.100000 0.100000 0.100000 0.100000 
0.006005 0.162663 0.006005 0.475979 0.006005 0.319321 0.006005 0.006005 0.006005 0.006005 
Document::27
0.002492 0.002492 0.132503 0.002492 0.002492 0.620043 0.034995 0.197508 0.002492 0.002492 
0.016084 0.016084 0.016084 0.016084 0.016084 0.855245 0.016084 0.016084 0.016084 0.016084 
0.020354 0.020354 0.020354 0.551327 0.020354 0.020354 0.020354 0.020354 0.285841 0.020354 
Document::28
0.046389 0.180417 0.269769 0.001713 0.001713 0.336783 0.001713 0.001713 0.158079 0.001713 
0.100000 0.100000 0.100000 0.100000 0.100000 0.100000 0.100000 0.100000 0.100000 0.100000 
0.007850 0.007850 0.315017 0.315017 0.007850 0.007850 0.315017 0.007850 0.007850 0.007850 
Document::29
0.045375 0.307575 0.307575 0.023525 0.001675 0.242025 0.001675 0.001675 0.001675 0.067225 
0.100000 0.100000 0.100000 0.100000 0.100000 0.100000 0.100000 0.100000 0.100000 0.100000 
0.225874 0.016084 0.435664 0.016084 0.016084 0.016084 0.016084 0.016084 0.225874 0.016084 
Document::30
0.001978 0.337317 0.001978 0.053568 0.027773 0.182545 0.079364 0.001978 0.311522 0.001978 
0.013295 0.360116 0.013295 0.013295 0.013295 0.013295 0.360116 0.013295 0.186705 0.013295 
0.027711 0.027711 0.027711 0.027711 0.027711 0.027711 0.027711 0.750602 0.027711 0.027711 
