d_0 d0 0.212851 0.574297 0.212851 
d_1 d1 0.777198 0.072237 0.150566 
d_2 d2 0.639371 0.068652 0.291977 
d_3 d3 0.791441 0.086197 0.122363 
d_4 d4 0.769169 0.115416 0.115416 
d_5 d5 0.710547 0.110085 0.179369 
d_6 d6 0.845778 0.099073 0.055149 
d_7 d7 0.767476 0.149375 0.083149 
d_8 d8 0.958673 0.012507 0.028820 
d_9 d9 0.785020 0.116066 0.098914 
d_10 d10 0.787600 0.179865 0.032535 
d_11 d11 0.713883 0.100775 0.185342 
d_12 d12 0.937241 0.049142 0.013618 
d_13 d13 0.885438 0.098689 0.015873 
d_14 d14 0.885980 0.065736 0.048284 
d_15 d15 0.862434 0.083213 0.054353 
d_16 d16 0.798720 0.083188 0.118092 
d_17 d17 0.856099 0.114109 0.029792 
d_18 d18 0.741859 0.137951 0.120189 
d_19 d19 0.774626 0.089046 0.136328 
d_20 d20 0.770709 0.154407 0.074884 
d_21 d21 0.744415 0.154602 0.100983 
d_22 d22 0.548884 0.086990 0.364126 
d_23 d23 0.756736 0.086990 0.156274 
d_24 d24 0.802925 0.086990 0.110085 
d_25 d25 0.686105 0.124550 0.189345 
d_26 d26 0.741236 0.014659 0.244105 
d_27 d27 0.782867 0.121289 0.095844 
d_28 d28 0.809524 0.013864 0.176612 
d_29 d29 0.892138 0.014945 0.092917 
d_30 d30 0.819591 0.121917 0.058492 
