d_0 d0 0.333333 0.333333 0.333333 
d_1 d1 0.751088 0.150566 0.098346 
d_2 d2 0.614557 0.118280 0.267163 
d_3 d3 0.773357 0.140446 0.086197 
d_4 d4 0.769169 0.091203 0.139629 
d_5 d5 0.710547 0.179369 0.110085 
d_6 d6 0.831137 0.113714 0.055149 
d_7 d7 0.679176 0.215600 0.105224 
d_8 d8 0.909734 0.045133 0.045133 
d_9 d9 0.664951 0.218982 0.116066 
d_10 d10 0.769184 0.143033 0.087784 
d_11 d11 0.798450 0.058492 0.143058 
d_12 d12 0.937241 0.049142 0.013618 
d_13 d13 0.906142 0.077985 0.015873 
d_14 d14 0.903432 0.030832 0.065736 
d_15 d15 0.891294 0.054353 0.054353 
d_16 d16 0.851076 0.083188 0.065736 
d_17 d17 0.754918 0.164699 0.080382 
d_18 d18 0.688573 0.137951 0.173475 
d_19 d19 0.750985 0.041765 0.207250 
d_20 d20 0.810471 0.055003 0.134526 
d_21 d21 0.771224 0.154602 0.074173 
d_22 d22 0.502694 0.040801 0.456505 
d_23 d23 0.756736 0.110085 0.133179 
d_24 d24 0.756736 0.179369 0.063895 
d_25 d25 0.642909 0.081353 0.275738 
d_26 d26 0.702996 0.052900 0.244105 
d_27 d27 0.655640 0.070399 0.273961 
d_28 d28 0.827607 0.013864 0.158529 
d_29 d29 0.814165 0.073424 0.112411 
d_30 d30 0.861875 0.121917 0.016209 
