Document::0
0.085693 0.111205 0.113807 0.112046 0.090154 0.127138 0.087348 0.083422 0.093301 0.095885 
0.098081 0.100213 0.093817 0.106610 0.095949 0.100213 0.089552 0.102345 0.110875 0.102345 
0.095023 0.101810 0.092760 0.108597 0.099548 0.088236 0.095023 0.131221 0.106335 0.081448 
Document::1
0.059467 0.077171 0.132985 0.149766 0.116571 0.124234 0.150629 0.057891 0.064747 0.066540 
0.098080 0.100213 0.093816 0.106611 0.095949 0.100213 0.089553 0.102345 0.110874 0.102345 
0.095023 0.101810 0.092760 0.108597 0.099548 0.088236 0.095023 0.131221 0.106335 0.081448 
Document::2
0.058415 0.093491 0.201370 0.182485 0.061457 0.086668 0.077228 0.074551 0.098970 0.065363 
0.098082 0.100214 0.093818 0.106610 0.095948 0.100213 0.089552 0.102345 0.110874 0.102344 
0.095023 0.101810 0.092760 0.108597 0.099548 0.088236 0.095023 0.131221 0.106335 0.081448 
Document::3
0.054556 0.120346 0.138519 0.071334 0.090429 0.064427 0.187738 0.086142 0.059400 0.127109 
0.098080 0.100215 0.093817 0.106609 0.095948 0.100215 0.089551 0.102345 0.110873 0.102347 
0.095023 0.101810 0.092760 0.108597 0.099548 0.088235 0.095023 0.131221 0.106334 0.081449 
Document::4
0.061688 0.136079 0.193977 0.099334 0.083575 0.072849 0.081555 0.078728 0.085840 0.106375 
0.098080 0.100212 0.093816 0.106611 0.095948 0.100215 0.089552 0.102345 0.110874 0.102346 
0.095023 0.101810 0.092760 0.108597 0.099548 0.088236 0.095023 0.131221 0.106335 0.081448 
Document::5
0.118660 0.069648 0.087525 0.053928 0.105207 0.079627 0.184687 0.052247 0.074683 0.173786 
0.098080 0.100212 0.093817 0.106611 0.095948 0.100213 0.089552 0.102346 0.110876 0.102344 
0.095023 0.101810 0.092760 0.108597 0.099548 0.088236 0.095023 0.131221 0.106335 0.081448 
Document::6
0.068387 0.093964 0.262896 0.068592 0.109291 0.076094 0.095001 0.054363 0.097960 0.073454 
0.098083 0.100215 0.093815 0.106609 0.095949 0.100214 0.089552 0.102344 0.110873 0.102346 
0.095023 0.101810 0.092760 0.108597 0.099548 0.088236 0.095023 0.131221 0.106335 0.081448 
Document::7
0.080907 0.156935 0.097440 0.111661 0.068275 0.196817 0.051368 0.094827 0.085381 0.056389 
0.098082 0.100214 0.093816 0.106610 0.095949 0.100213 0.089552 0.102345 0.110875 0.102345 
0.095023 0.101810 0.092760 0.108597 0.099548 0.088236 0.095023 0.131221 0.106335 0.081448 
Document::8
0.056690 0.174101 0.068275 0.217206 0.037149 0.169976 0.121511 0.055755 0.059826 0.039511 
0.098081 0.100213 0.093817 0.106610 0.095949 0.100213 0.089552 0.102345 0.110874 0.102345 
0.095023 0.101810 0.092760 0.108597 0.099548 0.088236 0.095023 0.131221 0.106335 0.081448 
Document::9
0.073681 0.073488 0.074660 0.132314 0.040623 0.326144 0.051048 0.060968 0.112178 0.054895 
0.098081 0.100213 0.093816 0.106609 0.095949 0.100215 0.089552 0.102345 0.110874 0.102345 
0.095023 0.101810 0.092760 0.108597 0.099548 0.088236 0.095023 0.131221 0.106335 0.081448 
Document::10
0.038167 0.095747 0.073797 0.096122 0.040154 0.310822 0.119785 0.071818 0.076219 0.077369 
0.098081 0.100213 0.093817 0.106610 0.095949 0.100213 0.089552 0.102345 0.110874 0.102345 
0.095023 0.101810 0.092760 0.108597 0.099548 0.088236 0.095023 0.131221 0.106335 0.081448 
Document::11
0.054096 0.104173 0.118005 0.079438 0.043688 0.199891 0.067470 0.153565 0.095497 0.084178 
0.098081 0.100213 0.093817 0.106610 0.095949 0.100213 0.089552 0.102345 0.110874 0.102345 
0.095023 0.101810 0.092760 0.108597 0.099548 0.088236 0.095023 0.131221 0.106335 0.081448 
Document::12
0.097060 0.167003 0.098039 0.038799 0.075692 0.045599 0.156253 0.212931 0.042041 0.066584 
0.098081 0.100214 0.093817 0.106610 0.095949 0.100213 0.089553 0.102345 0.110874 0.102346 
0.095023 0.101810 0.092760 0.108597 0.099548 0.088236 0.095023 0.131221 0.106335 0.081448 
Document::13
0.214820 0.090464 0.066879 0.090867 0.105220 0.048429 0.066632 0.176488 0.081896 0.058303 
0.098081 0.100213 0.093817 0.106610 0.095949 0.100213 0.089552 0.102345 0.110874 0.102345 
0.095023 0.101810 0.092760 0.108597 0.099548 0.088236 0.095023 0.131221 0.106335 0.081448 
Document::14
0.350134 0.049530 0.039134 0.049905 0.074817 0.045072 0.050459 0.245133 0.053110 0.042707 
0.098081 0.100213 0.093817 0.106611 0.095949 0.100213 0.089552 0.102345 0.110874 0.102345 
0.095023 0.101810 0.092760 0.108597 0.099547 0.088235 0.095023 0.131221 0.106335 0.081448 
Document::15
0.219633 0.081604 0.053049 0.042533 0.044070 0.077805 0.092243 0.149838 0.055112 0.184112 
0.098081 0.100213 0.093817 0.106610 0.095949 0.100213 0.089552 0.102345 0.110874 0.102345 
0.095023 0.101810 0.092760 0.108597 0.099548 0.088236 0.095023 0.131221 0.106335 0.081448 
Document::16
0.127915 0.102879 0.054464 0.053622 0.117635 0.160165 0.054217 0.089583 0.057066 0.182453 
0.098081 0.100214 0.093816 0.106609 0.095949 0.100213 0.089553 0.102347 0.110874 0.102345 
0.095023 0.101810 0.092760 0.108597 0.099548 0.088236 0.095023 0.131221 0.106335 0.081448 
Document::17
0.092979 0.092768 0.081314 0.093181 0.056975 0.075125 0.042867 0.231906 0.058519 0.174367 
0.098081 0.100212 0.093817 0.106610 0.095948 0.100213 0.089553 0.102346 0.110874 0.102346 
0.095023 0.101810 0.092760 0.108597 0.099548 0.088236 0.095023 0.131221 0.106335 0.081448 
Document::18
0.059891 0.037118 0.049544 0.127831 0.163474 0.123108 0.083199 0.070196 0.040617 0.245022 
0.098081 0.100213 0.093817 0.106610 0.095949 0.100213 0.089552 0.102345 0.110874 0.102345 
0.095023 0.101810 0.092760 0.108597 0.099548 0.088236 0.095023 0.131221 0.106335 0.081448 
Document::19
0.100668 0.086656 0.088038 0.114671 0.144391 0.136474 0.073980 0.058109 0.077143 0.119868 
0.098081 0.100213 0.093817 0.106610 0.095949 0.100213 0.089553 0.102345 0.110874 0.102345 
0.095023 0.101810 0.092760 0.108597 0.099548 0.088235 0.095023 0.131221 0.106335 0.081448 
Document::20
0.156634 0.067306 0.068582 0.093181 0.247942 0.062394 0.042867 0.040940 0.045788 0.174367 
0.098081 0.100213 0.093817 0.106610 0.095949 0.100213 0.089552 0.102345 0.110874 0.102345 
0.095023 0.101811 0.092760 0.108597 0.099547 0.088236 0.095023 0.131221 0.106334 0.081448 
Document::21
0.059467 0.095174 0.132985 0.131763 0.080566 0.124234 0.060616 0.057891 0.100752 0.156553 
0.098081 0.100213 0.093817 0.106610 0.095949 0.100213 0.089552 0.102345 0.110874 0.102345 
0.095022 0.101810 0.092761 0.108596 0.099547 0.088235 0.095022 0.131224 0.106334 0.081448 
Document::22
0.116433 0.094115 0.074361 0.072871 0.186074 0.107599 0.095879 0.070601 0.100917 0.081149 
0.098081 0.100213 0.093817 0.106610 0.095949 0.100213 0.089552 0.102345 0.110874 0.102345 
0.095022 0.101811 0.092760 0.108595 0.099548 0.088234 0.095022 0.131224 0.106335 0.081448 
Document::23
0.064081 0.083160 0.104505 0.161387 0.086818 0.114474 0.084719 0.081783 0.108570 0.110503 
0.098081 0.100213 0.093817 0.106610 0.095949 0.100213 0.089552 0.102345 0.110874 0.102345 
0.095024 0.101808 0.092762 0.108599 0.099548 0.088234 0.095021 0.131222 0.106334 0.081448 
Document::24
0.092154 0.178751 0.110986 0.057676 0.077766 0.085162 0.093263 0.073256 0.166758 0.064228 
0.098081 0.100213 0.093817 0.106610 0.095949 0.100214 0.089552 0.102345 0.110874 0.102345 
0.095024 0.101810 0.092760 0.108599 0.099547 0.088235 0.095023 0.131221 0.106334 0.081448 
Document::25
0.064081 0.063760 0.162704 0.064389 0.067418 0.095075 0.065320 0.062383 0.244367 0.110503 
0.098081 0.100213 0.093817 0.106610 0.095949 0.100213 0.089552 0.102345 0.110874 0.102345 
0.095022 0.101810 0.092759 0.108600 0.099546 0.088236 0.095024 0.131220 0.106335 0.081448 
Document::26
0.073100 0.059088 0.074254 0.073319 0.130607 0.053770 0.184252 0.044325 0.256336 0.050948 
0.098081 0.100213 0.093817 0.106610 0.095949 0.100213 0.089552 0.102345 0.110874 0.102345 
0.095022 0.101810 0.092760 0.108597 0.099547 0.088235 0.095023 0.131221 0.106336 0.081449 
Document::27
0.046168 0.059914 0.047339 0.074344 0.076526 0.082475 0.088991 0.044945 0.357755 0.121543 
0.098081 0.100213 0.093817 0.106610 0.095949 0.100213 0.089552 0.102345 0.110874 0.102345 
0.095023 0.101810 0.092760 0.108597 0.099548 0.088236 0.095023 0.131221 0.106335 0.081448 
Document::28
0.106265 0.060386 0.118644 0.060757 0.051118 0.135936 0.038460 0.048153 0.315217 0.065063 
0.098081 0.100213 0.093817 0.106610 0.095949 0.100213 0.089552 0.102345 0.110874 0.102345 
0.095023 0.101810 0.092760 0.108597 0.099548 0.088236 0.095023 0.131221 0.106335 0.081448 
Document::29
0.052770 0.052567 0.066059 0.052964 0.226558 0.109149 0.053552 0.076222 0.228045 0.082113 
0.098081 0.100213 0.093817 0.106610 0.095949 0.100213 0.089552 0.102345 0.110874 0.102345 
0.095023 0.101810 0.092760 0.108598 0.099547 0.088235 0.095023 0.131221 0.106335 0.081448 
Document::30
0.071139 0.070917 0.099091 0.044524 0.221003 0.079156 0.125652 0.069965 0.155559 0.062995 
0.098081 0.100213 0.093816 0.106609 0.095950 0.100213 0.089553 0.102345 0.110874 0.102345 
0.095023 0.101810 0.092760 0.108597 0.099548 0.088236 0.095023 0.131221 0.106335 0.081448 
