d_0 0.665008 0.333333 0.001658 
d_1 0.583125 0.416597 0.000278 
d_2 0.578754 0.420983 0.000263 
d_3 0.490477 0.433905 0.075618 
d_4 0.487061 0.512683 0.000256 
d_5 0.658299 0.341457 0.000244 
d_6 0.651371 0.348478 0.000151 
d_7 0.720660 0.279108 0.000232 
d_8 0.999661 0.000169 0.000169 
d_9 0.910405 0.089416 0.000178 
d_10 0.999616 0.000192 0.000192 
d_11 0.999556 0.000222 0.000222 
d_12 0.944105 0.055710 0.000185 
d_13 0.999566 0.000217 0.000217 
d_14 0.945121 0.036526 0.018354 
d_15 0.999702 0.000149 0.000149 
d_16 0.836089 0.163729 0.000182 
d_17 0.771699 0.228126 0.000175 
d_18 0.999630 0.000185 0.000185 
d_19 0.949538 0.025231 0.025231 
d_20 0.916302 0.000208 0.083489 
d_21 0.599772 0.000285 0.399943 
d_22 0.268340 0.000244 0.731416 
d_23 0.414575 0.000244 0.585182 
d_24 0.560809 0.097733 0.341457 
d_25 0.386328 0.000227 0.613445 
d_26 0.759744 0.000200 0.240056 
d_27 0.999460 0.000270 0.000270 
d_28 0.999623 0.000189 0.000189 
d_29 0.958801 0.000204 0.040995 
d_30 0.888519 0.111259 0.000222 
