d_0 0.499171 0.499171 0.001658 
d_1 0.694144 0.305579 0.000278 
d_2 0.683934 0.315803 0.000263 
d_3 0.528192 0.301905 0.169904 
d_4 0.871381 0.128363 0.000256 
d_5 0.755788 0.243968 0.000244 
d_6 0.727094 0.272755 0.000151 
d_7 0.767139 0.232628 0.000232 
d_8 0.999661 0.000169 0.000169 
d_9 0.856862 0.142959 0.000178 
d_10 0.961176 0.038632 0.000192 
d_11 0.999556 0.000222 0.000222 
d_12 0.907089 0.092726 0.000185 
d_13 0.999566 0.000217 0.000217 
d_14 0.999637 0.000182 0.000182 
d_15 0.999702 0.000149 0.000149 
d_16 0.745230 0.254588 0.000182 
d_17 0.841838 0.157987 0.000175 
d_18 0.833056 0.092726 0.074218 
d_19 0.849613 0.000250 0.150137 
d_20 0.874662 0.083489 0.041849 
d_21 0.685413 0.028832 0.285755 
d_22 0.365830 0.000244 0.633926 
d_23 0.365830 0.000244 0.633926 
d_24 0.390202 0.170851 0.438947 
d_25 0.477175 0.000227 0.522598 
d_26 0.519888 0.000200 0.479912 
d_27 0.864434 0.000270 0.135296 
d_28 0.961908 0.037903 0.000189 
d_29 0.918009 0.000204 0.081787 
d_30 0.821897 0.177881 0.000222 
