d_0 0.665008 0.333333 0.001658 
d_1 0.583125 0.416597 0.000278 
d_2 0.552459 0.447278 0.000263 
d_3 0.547049 0.320762 0.132189 
d_4 0.845760 0.153984 0.000256 
d_5 0.633926 0.365830 0.000244 
d_6 0.757383 0.242466 0.000151 
d_7 0.743900 0.255868 0.000232 
d_8 0.999661 0.000169 0.000169 
d_9 0.910405 0.089416 0.000178 
d_10 0.999616 0.000192 0.000192 
d_11 0.999556 0.000222 0.000222 
d_12 0.944105 0.055710 0.000185 
d_13 0.999566 0.000217 0.000217 
d_14 0.999637 0.000182 0.000182 
d_15 0.999702 0.000149 0.000149 
d_16 0.745230 0.254588 0.000182 
d_17 0.806768 0.193056 0.000175 
d_18 0.907089 0.092726 0.000185 
d_19 0.949538 0.000250 0.050212 
d_20 0.833021 0.104310 0.062669 
d_21 0.656866 0.000285 0.342849 
d_22 0.243968 0.000244 0.755788 
d_23 0.512064 0.000244 0.487692 
d_24 0.414575 0.122106 0.463320 
d_25 0.318192 0.000227 0.681581 
d_26 0.659804 0.000200 0.339996 
d_27 0.999460 0.000270 0.000270 
d_28 0.980766 0.019046 0.000189 
d_29 0.897614 0.000204 0.102182 
d_30 0.866311 0.133467 0.000222 
