Document::0
0.086273 0.125152 0.092149 0.118836 0.095912 0.082143 0.131281 0.091762 0.089112 0.087379 
0.094262 0.122951 0.088115 0.106555 0.092213 0.086066 0.106560 0.110653 0.098359 0.094267 
0.098215 0.084823 0.093750 0.091519 0.107142 0.091519 0.098215 0.154011 0.089287 0.091519 
Document::1
0.068188 0.250956 0.091600 0.126602 0.093695 0.045748 0.153673 0.051105 0.049629 0.068803 
0.094263 0.122956 0.088122 0.106560 0.092209 0.086062 0.106556 0.110653 0.098360 0.094258 
0.098215 0.084823 0.093750 0.091519 0.107142 0.091519 0.098215 0.154011 0.089287 0.091519 
Document::2
0.047100 0.068325 0.208243 0.084619 0.072104 0.044845 0.328316 0.050096 0.048650 0.047703 
0.094273 0.122940 0.088111 0.106555 0.092219 0.086067 0.106566 0.110658 0.098355 0.094257 
0.098215 0.084823 0.093750 0.091519 0.107142 0.091519 0.098215 0.154011 0.089287 0.091519 
Document::3
0.045311 0.103714 0.219325 0.081405 0.050373 0.043141 0.163909 0.067186 0.065794 0.159843 
0.094261 0.122948 0.088119 0.106558 0.092217 0.086065 0.106553 0.110645 0.098368 0.094266 
0.098211 0.084829 0.093751 0.091516 0.107138 0.091520 0.098215 0.154013 0.089283 0.091524 
Document::4
0.057725 0.195400 0.128692 0.056028 0.045220 0.055778 0.095994 0.145559 0.042014 0.177590 
0.094266 0.122945 0.088114 0.106559 0.092212 0.086065 0.106554 0.110652 0.098368 0.094266 
0.098215 0.084823 0.093750 0.091519 0.107142 0.091519 0.098215 0.154011 0.089287 0.091519 
Document::5
0.078805 0.080155 0.189534 0.077017 0.065626 0.058784 0.226946 0.063564 0.116152 0.043418 
0.094259 0.122941 0.088122 0.106551 0.092209 0.086068 0.106562 0.110654 0.098371 0.094264 
0.098215 0.084823 0.093750 0.091519 0.107142 0.091519 0.098215 0.154011 0.089287 0.091519 
Document::6
0.046602 0.281622 0.103894 0.086524 0.064034 0.045029 0.160080 0.034927 0.033918 0.143370 
0.094260 0.122941 0.088119 0.106572 0.092206 0.086064 0.106552 0.110665 0.098352 0.094270 
0.098215 0.084823 0.093750 0.091519 0.107142 0.091519 0.098215 0.154011 0.089287 0.091519 
Document::7
0.110761 0.320203 0.061544 0.161069 0.046004 0.074090 0.080314 0.044014 0.060088 0.041911 
0.094259 0.122941 0.088112 0.106566 0.092215 0.086063 0.106562 0.110654 0.098366 0.094264 
0.098215 0.084823 0.093750 0.091519 0.107142 0.091519 0.098215 0.154011 0.089287 0.091519 
Document::8
0.064382 0.160912 0.090232 0.254457 0.043660 0.051062 0.115122 0.042288 0.053366 0.124517 
0.094263 0.122948 0.088116 0.106556 0.092214 0.086067 0.106557 0.110654 0.098361 0.094263 
0.098215 0.084823 0.093750 0.091519 0.107142 0.091519 0.098215 0.154011 0.089287 0.091519 
Document::9
0.032838 0.116455 0.076366 0.251690 0.091562 0.251488 0.049969 0.034927 0.033918 0.060786 
0.094270 0.122943 0.088113 0.106557 0.092210 0.086064 0.106558 0.110655 0.098367 0.094264 
0.098215 0.084823 0.093750 0.091519 0.107142 0.091519 0.098215 0.154011 0.089287 0.091519 
Document::10
0.072143 0.126731 0.034135 0.084206 0.048924 0.325122 0.155792 0.087572 0.033010 0.032367 
0.094262 0.122946 0.088116 0.106555 0.092218 0.086066 0.106561 0.110653 0.098360 0.094262 
0.098215 0.084823 0.093750 0.091519 0.107142 0.091519 0.098215 0.154011 0.089287 0.091519 
Document::11
0.106036 0.049688 0.108368 0.032823 0.081149 0.204893 0.052121 0.251782 0.035379 0.077761 
0.094263 0.122948 0.088116 0.106556 0.092214 0.086067 0.106557 0.110654 0.098361 0.094263 
0.098215 0.084823 0.093750 0.091519 0.107142 0.091519 0.098215 0.154011 0.089287 0.091519 
Document::12
0.086700 0.060566 0.143214 0.098926 0.049588 0.030841 0.062867 0.387456 0.047035 0.032807 
0.094261 0.122950 0.088114 0.106553 0.092222 0.086065 0.106564 0.110652 0.098358 0.094261 
0.098215 0.084823 0.093750 0.091519 0.107142 0.091519 0.098215 0.154011 0.089287 0.091519 
Document::13
0.288531 0.091445 0.106835 0.032359 0.080000 0.046304 0.037230 0.177451 0.063185 0.076660 
0.094263 0.122948 0.088116 0.106556 0.092214 0.086067 0.106557 0.110654 0.098361 0.094263 
0.098215 0.084823 0.093750 0.091519 0.107142 0.091519 0.098215 0.154011 0.089287 0.091519 
Document::14
0.318702 0.043450 0.107318 0.053811 0.033298 0.041072 0.045578 0.270390 0.043492 0.042890 
0.094263 0.122948 0.088116 0.106556 0.092214 0.086067 0.106557 0.110654 0.098361 0.094263 
0.098215 0.084823 0.093750 0.091519 0.107142 0.091519 0.098215 0.154011 0.089287 0.091519 
Document::15
0.102405 0.026850 0.049624 0.079498 0.214419 0.166622 0.050521 0.180435 0.048708 0.080917 
0.094263 0.122948 0.088116 0.106556 0.092214 0.086067 0.106557 0.110654 0.098361 0.094263 
0.098215 0.084823 0.093750 0.091519 0.107142 0.091519 0.098215 0.154011 0.089287 0.091519 
Document::16
0.082033 0.083178 0.038814 0.034823 0.284101 0.125988 0.085759 0.069114 0.037535 0.158656 
0.094257 0.122954 0.088110 0.106554 0.092228 0.086076 0.106549 0.110652 0.098359 0.094262 
0.098215 0.084823 0.093750 0.091519 0.107142 0.091519 0.098215 0.154011 0.089287 0.091519 
Document::17
0.046602 0.033872 0.035074 0.182871 0.036506 0.058793 0.105024 0.089983 0.061446 0.349828 
0.094269 0.122952 0.088112 0.106556 0.092210 0.086063 0.106557 0.110659 0.098361 0.094259 
0.098215 0.084823 0.093750 0.091519 0.107142 0.091519 0.098215 0.154011 0.089287 0.091519 
Document::18
0.091679 0.049688 0.036585 0.162034 0.109862 0.161823 0.109548 0.079501 0.035379 0.163901 
0.094266 0.122945 0.088114 0.106553 0.092212 0.086075 0.106559 0.110652 0.098358 0.094266 
0.098213 0.084822 0.093749 0.091526 0.107140 0.091522 0.098213 0.154008 0.089289 0.091517 
Document::19
0.091823 0.076055 0.077544 0.107176 0.181614 0.141024 0.078945 0.094411 0.076112 0.075295 
0.094263 0.122948 0.088116 0.106556 0.092214 0.086067 0.106557 0.110654 0.098361 0.094263 
0.098212 0.084825 0.093748 0.091525 0.107140 0.091517 0.098212 0.154007 0.089289 0.091525 
Document::20
0.095805 0.051924 0.098243 0.049303 0.414865 0.034080 0.039464 0.053074 0.036971 0.126270 
0.094261 0.122945 0.088115 0.106554 0.092212 0.086065 0.106560 0.110657 0.098359 0.094271 
0.098218 0.084823 0.093749 0.091518 0.107141 0.091518 0.098218 0.154010 0.089286 0.091518 
Document::21
0.110696 0.071134 0.093482 0.170311 0.177835 0.046688 0.074618 0.093262 0.091756 0.070218 
0.094263 0.122947 0.088116 0.106556 0.092214 0.086072 0.106556 0.110654 0.098360 0.094263 
0.098211 0.084820 0.093750 0.091519 0.107142 0.091515 0.098210 0.154026 0.089287 0.091519 
Document::22
0.085384 0.062060 0.064263 0.057656 0.319070 0.057285 0.116771 0.089211 0.087363 0.060936 
0.094263 0.122948 0.088116 0.106556 0.092214 0.086067 0.106557 0.110654 0.098361 0.094263 
0.098208 0.084822 0.093748 0.091522 0.107147 0.091513 0.098212 0.154036 0.089281 0.091509 
Document::23
0.161038 0.062060 0.114700 0.082874 0.092106 0.082503 0.091553 0.114430 0.137800 0.060936 
0.094263 0.122948 0.088116 0.106556 0.092214 0.086067 0.106557 0.110654 0.098361 0.094263 
0.098221 0.084818 0.093748 0.091526 0.107156 0.091513 0.098208 0.154015 0.089281 0.091513 
Document::24
0.058685 0.158926 0.062682 0.105433 0.114438 0.055876 0.113899 0.136213 0.134410 0.059437 
0.094260 0.122943 0.088113 0.106552 0.092216 0.086069 0.106563 0.110656 0.098367 0.094260 
0.098224 0.084825 0.093756 0.091516 0.107138 0.091521 0.098207 0.154008 0.089284 0.091520 
Document::25
0.052258 0.075808 0.121529 0.050078 0.123809 0.071660 0.145233 0.077487 0.207306 0.074832 
0.094263 0.122948 0.088116 0.106556 0.092214 0.086067 0.106557 0.110654 0.098361 0.094263 
0.098210 0.084824 0.093745 0.091519 0.107140 0.091514 0.098214 0.154013 0.089295 0.091527 
Document::26
0.126067 0.068325 0.247726 0.064877 0.072104 0.044845 0.071671 0.069838 0.186843 0.047703 
0.094263 0.122948 0.088116 0.106556 0.092214 0.086067 0.106557 0.110654 0.098361 0.094263 
0.098213 0.084832 0.093758 0.091510 0.107136 0.091514 0.098222 0.154008 0.089282 0.091527 
Document::27
0.042112 0.043438 0.097933 0.040355 0.135072 0.057747 0.205290 0.044791 0.290612 0.042651 
0.094263 0.122948 0.088116 0.106556 0.092214 0.086067 0.106557 0.110654 0.098361 0.094263 
0.098217 0.084822 0.093752 0.091521 0.107140 0.091517 0.098213 0.154012 0.089285 0.091521 
Document::28
0.071190 0.045747 0.112992 0.069874 0.061495 0.030026 0.153732 0.059978 0.296935 0.098030 
0.094262 0.122946 0.088116 0.106555 0.092218 0.086066 0.106561 0.110653 0.098360 0.094262 
0.098215 0.084823 0.093750 0.091519 0.107142 0.091519 0.098215 0.154011 0.089287 0.091519 
Document::29
0.048609 0.221968 0.036585 0.061537 0.152933 0.032612 0.181332 0.050788 0.164590 0.049048 
0.094263 0.122948 0.088116 0.106556 0.092214 0.086067 0.106557 0.110654 0.098361 0.094263 
0.098218 0.084822 0.093749 0.091518 0.107145 0.091518 0.098213 0.154008 0.089289 0.091522 
Document::30
0.071136 0.153453 0.203528 0.053302 0.172777 0.036844 0.042664 0.089817 0.137287 0.039192 
0.094265 0.122958 0.088118 0.106557 0.092210 0.086069 0.106558 0.110650 0.098357 0.094259 
0.098215 0.084823 0.093750 0.091519 0.107142 0.091519 0.098215 0.154011 0.089287 0.091519 
