Document::0
0.081855 0.119567 0.084753 0.142107 0.083319 0.093534 0.121846 0.091390 0.090702 0.090927 
0.101294 0.096983 0.105603 0.096983 0.088362 0.101293 0.105604 0.103448 0.099138 0.101293 
0.087720 0.103070 0.100877 0.109649 0.100877 0.083334 0.096491 0.124999 0.105263 0.087720 
Document::1
0.074704 0.137234 0.076703 0.207564 0.075714 0.064495 0.120542 0.099542 0.062542 0.080960 
0.101293 0.096982 0.105605 0.096982 0.088362 0.101293 0.105604 0.103448 0.099137 0.101294 
0.087720 0.103070 0.100877 0.109649 0.100877 0.083334 0.096491 0.124999 0.105263 0.087720 
Document::2
0.074704 0.137234 0.076703 0.134513 0.057451 0.082758 0.175330 0.063017 0.099068 0.099222 
0.101294 0.096983 0.105604 0.096981 0.088362 0.101292 0.105604 0.103447 0.099137 0.101294 
0.087720 0.103070 0.100877 0.109649 0.100877 0.083334 0.096491 0.124999 0.105263 0.087720 
Document::3
0.065181 0.135674 0.050991 0.085497 0.081997 0.056274 0.184849 0.166525 0.054570 0.118443 
0.101293 0.096984 0.105603 0.096982 0.088363 0.101294 0.105602 0.103448 0.099137 0.101294 
0.087720 0.103069 0.100877 0.109648 0.100876 0.083333 0.096493 0.124998 0.105264 0.087721 
Document::4
0.046296 0.172484 0.092875 0.185232 0.047124 0.097841 0.083894 0.051689 0.081259 0.141306 
0.101293 0.096983 0.105603 0.096982 0.088362 0.101293 0.105604 0.103448 0.099138 0.101294 
0.087720 0.103070 0.100877 0.109649 0.100877 0.083334 0.096491 0.124999 0.105263 0.087720 
Document::5
0.118657 0.109016 0.070285 0.056320 0.069379 0.092568 0.143925 0.141417 0.090778 0.107655 
0.101292 0.096982 0.105605 0.096982 0.088361 0.101294 0.105606 0.103448 0.099138 0.101292 
0.087720 0.103070 0.100877 0.109649 0.100877 0.083334 0.096491 0.124999 0.105263 0.087720 
Document::6
0.060778 0.340444 0.109842 0.076000 0.061438 0.042164 0.078806 0.088955 0.052827 0.088746 
0.101293 0.096982 0.105604 0.096984 0.088361 0.101292 0.105602 0.103449 0.099139 0.101293 
0.087720 0.103070 0.100877 0.109649 0.100877 0.083334 0.096491 0.124999 0.105263 0.087720 
Document::7
0.077415 0.251145 0.124702 0.081596 0.047841 0.068914 0.085170 0.098098 0.097703 0.067417 
0.101293 0.096982 0.105604 0.096985 0.088362 0.101292 0.105603 0.103448 0.099137 0.101294 
0.087720 0.103070 0.100877 0.109649 0.100877 0.083334 0.096491 0.124999 0.105263 0.087720 
Document::8
0.076443 0.091793 0.217774 0.111749 0.033915 0.059635 0.125064 0.101886 0.036920 0.144821 
0.101293 0.096983 0.105603 0.096983 0.088362 0.101293 0.105603 0.103448 0.099138 0.101293 
0.087720 0.103070 0.100877 0.109649 0.100877 0.083334 0.096491 0.124999 0.105263 0.087720 
Document::9
0.048262 0.194845 0.084949 0.098700 0.037116 0.218644 0.113271 0.040712 0.064002 0.099498 
0.101294 0.096982 0.105603 0.096983 0.088363 0.101293 0.105603 0.103450 0.099138 0.101293 
0.087720 0.103070 0.100877 0.109649 0.100877 0.083334 0.096491 0.124999 0.105263 0.087720 
Document::10
0.036039 0.122608 0.107280 0.062567 0.036683 0.239416 0.181916 0.075220 0.039934 0.098337 
0.101293 0.096983 0.105603 0.096983 0.088362 0.101293 0.105603 0.103448 0.099138 0.101293 
0.087720 0.103070 0.100877 0.109649 0.100877 0.083334 0.096491 0.124999 0.105263 0.087720 
Document::11
0.051939 0.082716 0.066026 0.080825 0.039944 0.273393 0.058414 0.196181 0.081575 0.068986 
0.101293 0.096983 0.105603 0.096983 0.088362 0.101293 0.105603 0.103448 0.099138 0.101293 
0.087720 0.103070 0.100877 0.109649 0.100877 0.083334 0.096491 0.124999 0.105263 0.087720 
Document::12
0.083658 0.076861 0.108546 0.122297 0.060713 0.053465 0.160465 0.158696 0.087599 0.087699 
0.101294 0.096983 0.105603 0.096983 0.088363 0.101294 0.105603 0.103448 0.099138 0.101293 
0.087720 0.103070 0.100877 0.109649 0.100877 0.083334 0.096491 0.124999 0.105263 0.087720 
Document::13
0.251898 0.044065 0.077737 0.142502 0.077057 0.069355 0.057682 0.156107 0.068015 0.055583 
0.101293 0.096983 0.105603 0.096983 0.088362 0.101293 0.105603 0.103448 0.099138 0.101293 
0.087720 0.103070 0.100877 0.109649 0.100877 0.083334 0.096491 0.124999 0.105263 0.087720 
Document::14
0.237622 0.073397 0.081121 0.037918 0.057977 0.039789 0.119433 0.275479 0.038584 0.038680 
0.101293 0.096983 0.105603 0.096983 0.088362 0.101293 0.105603 0.103448 0.099138 0.101293 
0.087720 0.103070 0.100877 0.109649 0.100877 0.083334 0.096491 0.124999 0.105263 0.087720 
Document::15
0.209322 0.034881 0.101234 0.053252 0.060997 0.064825 0.184608 0.183120 0.033989 0.073773 
0.101293 0.096983 0.105603 0.096983 0.088362 0.101293 0.105603 0.103448 0.099138 0.101293 
0.087720 0.103070 0.100877 0.109649 0.100877 0.083334 0.096491 0.124999 0.105263 0.087720 
Document::16
0.068095 0.073765 0.056182 0.098526 0.135718 0.127501 0.195307 0.059534 0.085940 0.099430 
0.101294 0.096983 0.105602 0.096983 0.088361 0.101294 0.105603 0.103450 0.099139 0.101292 
0.087720 0.103070 0.100877 0.109649 0.100877 0.083334 0.096491 0.124999 0.105263 0.087720 
Document::17
0.101440 0.081679 0.077737 0.079811 0.089595 0.119508 0.082758 0.131031 0.093091 0.143350 
0.101294 0.096984 0.105602 0.096983 0.088361 0.101295 0.105603 0.103449 0.099137 0.101292 
0.087720 0.103070 0.100877 0.109649 0.100877 0.083334 0.096491 0.124999 0.105263 0.087720 
Document::18
0.061512 0.066635 0.099086 0.064835 0.098431 0.139343 0.055591 0.041696 0.041382 0.331491 
0.101293 0.096982 0.105605 0.096982 0.088362 0.101293 0.105604 0.103449 0.099138 0.101293 
0.087720 0.103070 0.100877 0.109649 0.100877 0.083334 0.096491 0.124999 0.105263 0.087720 
Document::19
0.084878 0.048977 0.044595 0.046902 0.113520 0.230383 0.064113 0.062023 0.145277 0.159331 
0.101293 0.096983 0.105603 0.096983 0.088362 0.101293 0.105603 0.103448 0.099138 0.101293 
0.087720 0.103070 0.100877 0.109648 0.100877 0.083335 0.096491 0.124999 0.105263 0.087721 
Document::20
0.109693 0.061207 0.070502 0.059188 0.259581 0.142788 0.062374 0.073900 0.087105 0.073662 
0.101293 0.096982 0.105604 0.096983 0.088362 0.101293 0.105604 0.103448 0.099139 0.101293 
0.087719 0.103072 0.100877 0.109648 0.100877 0.083334 0.096491 0.125000 0.105263 0.087719 
Document::21
0.054453 0.079541 0.197334 0.112154 0.125903 0.079842 0.081057 0.078415 0.095577 0.095726 
0.101293 0.096983 0.105603 0.096983 0.088362 0.101293 0.105603 0.103448 0.099138 0.101293 
0.087719 0.103071 0.100877 0.109647 0.100878 0.083333 0.096490 0.125004 0.105263 0.087719 
Document::22
0.116338 0.103172 0.073132 0.076914 0.186162 0.103562 0.082285 0.078858 0.101119 0.078459 
0.101293 0.096983 0.105603 0.096983 0.088362 0.101293 0.105603 0.103448 0.099138 0.101293 
0.087718 0.103071 0.100877 0.109645 0.100878 0.083332 0.096491 0.125004 0.105265 0.087718 
Document::23
0.092967 0.100708 0.094966 0.097988 0.075714 0.174071 0.065755 0.081279 0.099068 0.117485 
0.101293 0.096983 0.105603 0.096983 0.088362 0.101293 0.105603 0.103448 0.099138 0.101293 
0.087719 0.103068 0.100878 0.109651 0.100879 0.083332 0.096489 0.125001 0.105263 0.087719 
Document::24
0.060890 0.069241 0.102450 0.066306 0.061979 0.108981 0.130042 0.127088 0.146278 0.126744 
0.101293 0.096983 0.105604 0.096982 0.088362 0.101293 0.105604 0.103449 0.099138 0.101293 
0.087720 0.103069 0.100878 0.109652 0.100877 0.083334 0.096490 0.124999 0.105262 0.087718 
Document::25
0.064715 0.073591 0.067007 0.091411 0.065872 0.136767 0.075393 0.072253 0.260165 0.092827 
0.101293 0.096983 0.105603 0.096983 0.088362 0.101293 0.105603 0.103448 0.099138 0.101293 
0.087720 0.103072 0.100876 0.109652 0.100877 0.083332 0.096491 0.124996 0.105263 0.087719 
Document::26
0.046296 0.097585 0.047935 0.110333 0.062104 0.067881 0.068914 0.051689 0.350895 0.096366 
0.101293 0.096983 0.105603 0.096983 0.088362 0.101293 0.105603 0.103448 0.099138 0.101293 
0.087719 0.103070 0.100877 0.109649 0.100875 0.083333 0.096494 0.125000 0.105263 0.087719 
Document::27
0.043679 0.077936 0.059358 0.132362 0.115125 0.148842 0.079152 0.077033 0.217995 0.048520 
0.101293 0.096983 0.105603 0.096983 0.088362 0.101293 0.105603 0.103448 0.099138 0.101293 
0.087720 0.103070 0.100877 0.109649 0.100877 0.083334 0.096491 0.124999 0.105263 0.087720 
Document::28
0.106004 0.064304 0.095619 0.050906 0.106649 0.076164 0.076968 0.098541 0.284813 0.040033 
0.101293 0.096983 0.105603 0.096983 0.088363 0.101293 0.105603 0.103448 0.099138 0.101293 
0.087720 0.103070 0.100877 0.109649 0.100877 0.083334 0.096491 0.124999 0.105263 0.087720 
Document::29
0.039747 0.109501 0.041154 0.120446 0.156203 0.058278 0.123468 0.057237 0.211231 0.082734 
0.101293 0.096983 0.105603 0.096983 0.088362 0.101293 0.105603 0.103448 0.099138 0.101293 
0.087719 0.103070 0.100879 0.109648 0.100877 0.083334 0.096491 0.124998 0.105264 0.087720 
Document::30
0.069967 0.089538 0.057727 0.073746 0.290638 0.062283 0.063231 0.116149 0.115792 0.060930 
0.101293 0.096982 0.105603 0.096983 0.088364 0.101292 0.105604 0.103448 0.099139 0.101292 
0.087720 0.103070 0.100877 0.109649 0.100877 0.083334 0.096491 0.124999 0.105263 0.087720 
