Document::0
0.073230 0.081500 0.088064 0.086071 0.191069 0.095875 0.090494 0.089752 0.098063 0.105882 
0.101484 0.106953 0.094333 0.112418 0.091837 0.102014 0.093848 0.083777 0.085094 0.128242 
0.094646 0.133767 0.090367 0.089662 0.099887 0.095814 0.101007 0.067050 0.127681 0.100118 
Document::1
0.109148 0.073262 0.079163 0.106251 0.171756 0.086184 0.081347 0.095120 0.088151 0.109619 
0.068712 0.303080 0.063870 0.066888 0.080633 0.078297 0.091221 0.065949 0.085294 0.096055 
0.097119 0.127912 0.092463 0.097590 0.108718 0.098391 0.086361 0.072978 0.109499 0.108969 
Document::2
0.060580 0.107286 0.112716 0.071202 0.184638 0.079313 0.074861 0.074247 0.120988 0.114168 
0.071332 0.186414 0.076590 0.080209 0.096692 0.093890 0.087260 0.090148 0.113345 0.104121 
0.088750 0.127661 0.100653 0.110724 0.110121 0.100684 0.084305 0.066689 0.110835 0.099579 
Document::3
0.073230 0.081500 0.088064 0.086071 0.191069 0.095875 0.090494 0.089752 0.098063 0.105882 
0.075509 0.103634 0.092787 0.143466 0.078930 0.099389 0.080658 0.083715 0.131694 0.110218 
0.089230 0.117522 0.101198 0.089662 0.099887 0.101229 0.111838 0.072466 0.116850 0.100118 
Document::4
0.062234 0.110216 0.115794 0.073146 0.162377 0.095130 0.076905 0.076274 0.083337 0.144588 
0.067593 0.155673 0.104027 0.086488 0.112592 0.120421 0.082686 0.074938 0.086435 0.109147 
0.097119 0.127912 0.092463 0.097590 0.108718 0.098391 0.086361 0.072978 0.109499 0.108969 
Document::5
0.071956 0.078620 0.096854 0.108192 0.153969 0.103148 0.098812 0.085270 0.079022 0.124157 
0.086676 0.105515 0.093064 0.110906 0.104047 0.114087 0.092586 0.082651 0.083950 0.126518 
0.113841 0.125631 0.093752 0.098362 0.103069 0.093783 0.098866 0.065629 0.109072 0.097995 
Document::6
0.067786 0.090310 0.081517 0.079672 0.176863 0.088747 0.113504 0.083079 0.090772 0.127749 
0.078259 0.107408 0.096166 0.087998 0.093943 0.103008 0.095734 0.086763 0.124352 0.126370 
0.087339 0.162734 0.093752 0.087761 0.103069 0.093783 0.088265 0.070929 0.114373 0.097995 
Document::7
0.070951 0.094527 0.085323 0.083392 0.200685 0.092891 0.087677 0.086958 0.095011 0.102586 
0.090319 0.109950 0.096976 0.101558 0.094411 0.104872 0.096477 0.086124 0.087478 0.131835 
0.083362 0.140147 0.089483 0.098943 0.098376 0.084453 0.119660 0.072759 0.109165 0.103652 
Document::8
0.063981 0.071206 0.090975 0.089234 0.166935 0.097800 0.107132 0.092450 0.085677 0.134611 
0.095011 0.138405 0.088315 0.092489 0.085979 0.108265 0.087861 0.078433 0.105181 0.120061 
0.095682 0.124283 0.085882 0.096119 0.106455 0.096863 0.080215 0.073259 0.134553 0.106689 
Document::9
0.075885 0.069262 0.129445 0.073146 0.176028 0.081478 0.090556 0.103577 0.110640 0.089982 
0.085526 0.104116 0.091830 0.096169 0.102667 0.125839 0.104624 0.081554 0.082836 0.124839 
0.098932 0.134164 0.088799 0.099383 0.104410 0.100153 0.082939 0.075747 0.110821 0.104652 
Document::10
0.089537 0.082913 0.088491 0.086797 0.162377 0.081478 0.076905 0.076274 0.096989 0.158239 
0.085526 0.117381 0.091830 0.122701 0.089401 0.099308 0.104624 0.081554 0.082836 0.124839 
0.101624 0.144534 0.081849 0.096823 0.096239 0.092315 0.076448 0.069819 0.117800 0.122549 
Document::11
0.073230 0.081500 0.088064 0.086071 0.191069 0.095875 0.090494 0.089752 0.098063 0.105882 
0.076404 0.152265 0.105737 0.085912 0.079866 0.088716 0.081614 0.108409 0.085852 0.135226 
0.088750 0.122275 0.100653 0.094566 0.104735 0.100684 0.084305 0.077461 0.121607 0.104965 
Document::12
0.056106 0.099364 0.104393 0.065944 0.158697 0.073456 0.081640 0.081072 0.148976 0.130352 
0.125245 0.169532 0.079716 0.103132 0.077873 0.125636 0.079358 0.071922 0.072894 0.094692 
0.097824 0.132663 0.093402 0.092674 0.114435 0.093435 0.082011 0.069302 0.115177 0.109077 
Document::13
0.063981 0.085240 0.090975 0.075199 0.166935 0.111834 0.079063 0.078415 0.127780 0.120577 
0.098792 0.104116 0.105096 0.096169 0.115932 0.099308 0.091358 0.081554 0.082836 0.124839 
0.092639 0.141532 0.088451 0.098362 0.103069 0.093783 0.088265 0.065629 0.114373 0.113897 
Document::14
0.057522 0.076636 0.107028 0.067608 0.175319 0.075310 0.071083 0.070500 0.127500 0.171495 
0.102536 0.119546 0.096166 0.112275 0.081804 0.115147 0.095734 0.074625 0.075797 0.126370 
0.099495 0.129236 0.089305 0.099949 0.105004 0.095030 0.089104 0.070486 0.117144 0.105247 
Document::15
0.106648 0.063220 0.105694 0.079227 0.148214 0.074371 0.070197 0.082082 0.163293 0.107055 
0.089071 0.108431 0.095636 0.100155 0.093106 0.103424 0.108960 0.084935 0.086269 0.130014 
0.087804 0.131629 0.088923 0.098887 0.098290 0.094282 0.078078 0.071307 0.136297 0.114504 
Document::16
0.063095 0.070220 0.089716 0.101839 0.178465 0.082606 0.077969 0.091170 0.126012 0.118908 
0.090319 0.109950 0.096976 0.101558 0.094411 0.104872 0.096477 0.086124 0.087478 0.131835 
0.089325 0.136469 0.100620 0.099954 0.094271 0.095538 0.079996 0.068392 0.135835 0.099600 
Document::17
0.063095 0.070220 0.075876 0.074158 0.178465 0.096446 0.105650 0.091170 0.126012 0.118908 
0.096669 0.135594 0.079219 0.117295 0.088568 0.085670 0.101700 0.081799 0.082904 0.130583 
0.088750 0.149205 0.100653 0.094566 0.104735 0.089912 0.084305 0.077461 0.100063 0.110351 
Document::18
0.065978 0.072088 0.112545 0.075465 0.153046 0.130186 0.090602 0.066316 0.119933 0.113841 
0.086212 0.148740 0.091713 0.083923 0.078016 0.086662 0.091301 0.117475 0.095440 0.120519 
0.092746 0.127781 0.093928 0.093195 0.109451 0.093960 0.093730 0.069692 0.115826 0.109691 
Document::19
0.065204 0.094702 0.111225 0.062850 0.151251 0.093469 0.077810 0.077268 0.153716 0.112506 
0.084261 0.088801 0.123581 0.127282 0.087566 0.096015 0.089235 0.069559 0.104595 0.129106 
0.097119 0.127912 0.092463 0.097590 0.108718 0.098391 0.086361 0.072978 0.109499 0.108969 
Document::20
0.064448 0.070416 0.086748 0.085309 0.242248 0.103979 0.088501 0.087966 0.082371 0.088014 
0.074635 0.160316 0.080136 0.083923 0.089593 0.109815 0.114454 0.082746 0.072287 0.132095 
0.108412 0.131924 0.092882 0.092158 0.108232 0.098480 0.087120 0.068916 0.103404 0.108470 
Document::21
0.058257 0.064836 0.121174 0.068472 0.203118 0.101830 0.084770 0.084180 0.116350 0.097012 
0.105087 0.097639 0.110999 0.115069 0.096280 0.093130 0.098116 0.076482 0.077683 0.129515 
0.092227 0.132663 0.093402 0.092674 0.108838 0.099032 0.082011 0.069302 0.120774 0.109077 
Document::22
0.067582 0.073841 0.066651 0.065142 0.229713 0.096878 0.104963 0.080086 0.098534 0.116609 
0.076404 0.128564 0.117588 0.097763 0.079866 0.088716 0.105316 0.084707 0.085852 0.135226 
0.093271 0.122843 0.088799 0.099383 0.115731 0.105813 0.082939 0.075747 0.110821 0.104652 
Document::23
0.072671 0.056216 0.071823 0.059368 0.286911 0.088291 0.073499 0.106227 0.078720 0.106273 
0.078259 0.107408 0.108304 0.124414 0.081804 0.090869 0.083595 0.086763 0.087936 0.150647 
0.097119 0.127912 0.092463 0.097590 0.108718 0.098391 0.086361 0.072978 0.109499 0.108969 
Document::24
0.057752 0.052711 0.077735 0.076446 0.258637 0.093177 0.131253 0.068438 0.094592 0.089259 
0.100120 0.105515 0.093064 0.097462 0.090603 0.114087 0.092586 0.082651 0.083950 0.139962 
0.100065 0.124250 0.089816 0.106247 0.111331 0.095574 0.083889 0.070889 0.106364 0.111575 
Document::25
0.058358 0.053265 0.078551 0.077249 0.282349 0.083656 0.069641 0.111150 0.116581 0.069200 
0.106890 0.100116 0.123581 0.104653 0.098880 0.084701 0.111864 0.069559 0.070652 0.129106 
0.097119 0.127912 0.092463 0.097590 0.108718 0.098391 0.086361 0.072978 0.109499 0.108969 
Document::26
0.071875 0.066558 0.081995 0.058718 0.294726 0.065406 0.072694 0.083146 0.121692 0.083191 
0.077267 0.091806 0.102948 0.116717 0.069922 0.108796 0.102579 0.084536 0.106289 0.139141 
0.097119 0.127912 0.092463 0.097590 0.108718 0.098391 0.086361 0.072978 0.109499 0.108969 
Document::27
0.045024 0.050108 0.073897 0.092424 0.295247 0.108328 0.075390 0.065058 0.060292 0.134233 
0.080206 0.097639 0.086118 0.127509 0.096280 0.105571 0.085675 0.076482 0.077683 0.166836 
0.097119 0.127912 0.092463 0.097590 0.108718 0.098391 0.086361 0.072978 0.109499 0.108969 
Document::28
0.050512 0.067295 0.127223 0.059368 0.264751 0.088291 0.062419 0.072987 0.100880 0.106273 
0.085526 0.104116 0.091830 0.096169 0.089401 0.099308 0.104624 0.081554 0.082836 0.164637 
0.094136 0.116889 0.111425 0.094566 0.115507 0.089912 0.078919 0.072075 0.100063 0.126509 
Document::29
0.072671 0.056216 0.071823 0.070448 0.320151 0.088291 0.073499 0.061907 0.089800 0.095193 
0.083318 0.098996 0.099822 0.081106 0.075398 0.094941 0.088236 0.079968 0.081049 0.217165 
0.097119 0.127912 0.092463 0.097590 0.108718 0.098391 0.086361 0.072978 0.109499 0.108969 
Document::30
0.052814 0.048204 0.052086 0.050907 0.417039 0.085209 0.072525 0.053085 0.067501 0.100629 
0.097499 0.102753 0.090628 0.108002 0.088230 0.098007 0.116346 0.093579 0.081751 0.123205 
0.097119 0.127912 0.092463 0.097590 0.108718 0.098391 0.086361 0.072978 0.109499 0.108969 
Document::31
0.065204 0.082972 0.099495 0.062850 0.256819 0.093469 0.112999 0.065538 0.083337 0.077317 
0.088255 0.104862 0.082035 0.121465 0.091716 0.112417 0.105316 0.084707 0.074001 0.135226 
0.095432 0.125689 0.090856 0.095894 0.106829 0.096681 0.084861 0.077502 0.107596 0.118659 
Document::32
0.070009 0.057860 0.053023 0.076548 0.309969 0.097900 0.127878 0.078422 0.066295 0.062096 
0.100120 0.105515 0.093064 0.124350 0.090603 0.100643 0.092586 0.082651 0.083950 0.126518 
0.097119 0.127912 0.092463 0.097590 0.108718 0.098391 0.086361 0.072978 0.109499 0.108969 
Document::33
0.047363 0.073490 0.056957 0.055668 0.310584 0.072398 0.079307 0.058048 0.084202 0.161984 
0.084406 0.102753 0.090628 0.108002 0.088230 0.111100 0.103254 0.093579 0.081751 0.136297 
0.093802 0.129236 0.089305 0.099949 0.110697 0.095030 0.089104 0.070486 0.117144 0.105247 
Document::34
0.042113 0.065343 0.069118 0.058734 0.340818 0.138274 0.088991 0.060851 0.065631 0.070127 
0.082253 0.100131 0.101073 0.092489 0.085979 0.133781 0.087861 0.078433 0.092423 0.145577 
0.097119 0.127912 0.092463 0.097590 0.108718 0.098391 0.086361 0.072978 0.109499 0.108969 
Document::35
0.060256 0.087516 0.081106 0.101440 0.204813 0.108056 0.115265 0.071405 0.077013 0.093129 
0.077320 0.106119 0.083019 0.134914 0.080823 0.113766 0.106579 0.073730 0.074888 0.148841 
0.097119 0.127912 0.092463 0.097590 0.108718 0.098391 0.086361 0.072978 0.109499 0.108969 
Document::36
0.042113 0.046868 0.078356 0.086447 0.350056 0.073610 0.070515 0.060851 0.056393 0.134790 
0.090319 0.109950 0.096976 0.101558 0.094411 0.104872 0.096477 0.086124 0.087478 0.131835 
0.102846 0.137490 0.087316 0.092158 0.108232 0.104046 0.081554 0.074482 0.108970 0.102904 
Document::37
0.062282 0.090458 0.072628 0.060033 0.312534 0.066872 0.096731 0.073805 0.079602 0.085056 
0.087221 0.091922 0.116211 0.108330 0.078930 0.099389 0.080658 0.083715 0.073134 0.180491 
0.091206 0.136729 0.092368 0.091648 0.113169 0.092400 0.086638 0.068535 0.108367 0.118940 
Document::38
0.045473 0.050608 0.064659 0.053446 0.308166 0.129358 0.066168 0.085657 0.070868 0.125597 
0.076404 0.116713 0.105737 0.121465 0.091716 0.088716 0.105316 0.096558 0.074001 0.123375 
0.097119 0.127912 0.092463 0.097590 0.108718 0.098391 0.086361 0.072978 0.109499 0.108969 
Document::39
0.066770 0.072954 0.077862 0.064360 0.238966 0.083703 0.115714 0.091136 0.097351 0.091186 
0.075509 0.091922 0.104499 0.084906 0.090642 0.122813 0.080658 0.072003 0.073134 0.203915 
0.100641 0.124966 0.090333 0.101100 0.106214 0.096125 0.084372 0.077056 0.106977 0.112218 
Document::40
0.073230 0.081500 0.088064 0.086071 0.191069 0.095875 0.090494 0.089752 0.098063 0.105882 
0.072035 0.085590 0.115323 0.079796 0.065188 0.111103 0.066614 0.059466 0.070073 0.274812 
0.092746 0.122152 0.099557 0.093195 0.120708 0.099589 0.088101 0.075321 0.104568 0.104063 
Document::41
0.051656 0.068821 0.073451 0.072045 0.304744 0.090292 0.086496 0.074641 0.080504 0.097350 
0.088255 0.093011 0.082035 0.133316 0.103567 0.088716 0.093465 0.084707 0.074001 0.158928 
0.094882 0.124966 0.090333 0.101100 0.106214 0.096125 0.090130 0.077056 0.106977 0.112218 
Document::42
0.064891 0.072219 0.078036 0.076270 0.240482 0.084958 0.080189 0.108000 0.086896 0.108059 
0.064872 0.089035 0.099840 0.113194 0.087936 0.085388 0.079358 0.071922 0.072894 0.235562 
0.097119 0.127912 0.092463 0.097590 0.108718 0.098391 0.086361 0.072978 0.109499 0.108969 
Document::43
0.042905 0.047750 0.061008 0.059840 0.281353 0.112642 0.090666 0.071408 0.076278 0.156151 
0.091508 0.096440 0.109635 0.113655 0.082810 0.104274 0.084622 0.087829 0.076729 0.152499 
0.093802 0.129236 0.089305 0.094256 0.110697 0.095030 0.083411 0.070486 0.128530 0.105247 
Document::44
0.056106 0.074749 0.079779 0.065944 0.294077 0.073456 0.106255 0.068765 0.099747 0.081123 
0.091508 0.096440 0.097347 0.101367 0.107385 0.091986 0.096910 0.087829 0.089016 0.140211 
0.101224 0.131481 0.090856 0.101686 0.106829 0.096681 0.084861 0.071710 0.107596 0.107076 
Document::45
0.059610 0.054407 0.080236 0.100352 0.288405 0.074727 0.071135 0.070639 0.086911 0.113578 
0.096239 0.101425 0.089456 0.093684 0.125859 0.096741 0.088997 0.079447 0.080695 0.147459 
0.091714 0.131924 0.087316 0.103290 0.102667 0.109612 0.081554 0.068916 0.103404 0.119602 
Document::46
0.047860 0.105756 0.099548 0.087747 0.187864 0.115152 0.059143 0.069156 0.085086 0.142688 
0.098933 0.103634 0.092787 0.108330 0.078930 0.099389 0.092370 0.118851 0.073134 0.133642 
0.097119 0.127912 0.092463 0.097590 0.108718 0.098391 0.086361 0.072978 0.109499 0.108969 
Document::47
0.063981 0.127344 0.076941 0.075199 0.209038 0.083765 0.093098 0.092450 0.085677 0.092508 
0.096239 0.127271 0.089456 0.093684 0.087090 0.096741 0.101919 0.105292 0.080695 0.121613 
0.084647 0.137170 0.090862 0.110742 0.099892 0.121714 0.075270 0.063606 0.105710 0.110386 
Document::48
0.078015 0.085240 0.090975 0.075199 0.180969 0.111834 0.093098 0.078415 0.113746 0.092508 
0.179162 0.121670 0.071084 0.084712 0.089742 0.107679 0.080988 0.073399 0.074391 0.117174 
0.095161 0.118161 0.085415 0.101040 0.105875 0.129004 0.085223 0.072860 0.106597 0.100663 
Document::49
0.052248 0.081070 0.085753 0.061410 0.205089 0.125709 0.076026 0.086958 0.127270 0.098466 
0.076404 0.093011 0.141290 0.097763 0.103567 0.112417 0.081614 0.072856 0.085852 0.135226 
0.091714 0.126358 0.087316 0.114422 0.108232 0.098480 0.081554 0.068916 0.114536 0.108470 
Document::50
0.062987 0.057489 0.107444 0.094707 0.191434 0.067630 0.097827 0.085972 0.103166 0.131344 
0.096239 0.101425 0.128225 0.093684 0.087090 0.096741 0.088997 0.079447 0.106541 0.121613 
0.091206 0.131194 0.103439 0.091648 0.107633 0.103471 0.081103 0.079605 0.102832 0.107870 
Document::51
0.088663 0.071242 0.099495 0.121499 0.186440 0.105199 0.077810 0.077268 0.083337 0.089046 
0.126813 0.095269 0.084027 0.100136 0.081804 0.103008 0.083595 0.074625 0.100074 0.150647 
0.102276 0.120124 0.086833 0.097183 0.113169 0.109006 0.086638 0.074070 0.102832 0.107870 
Document::52
0.057522 0.064018 0.081792 0.168551 0.150084 0.100545 0.096318 0.070500 0.102264 0.108406 
0.084406 0.115845 0.090628 0.094910 0.101322 0.111100 0.090162 0.093579 0.081751 0.136297 
0.085972 0.160187 0.081849 0.107258 0.101456 0.097532 0.076448 0.075037 0.117800 0.096461 
Document::53
0.058978 0.064440 0.068775 0.184166 0.158028 0.063325 0.059770 0.122939 0.096599 0.122983 
0.116084 0.096440 0.134210 0.089079 0.082810 0.091986 0.121485 0.075542 0.076729 0.115635 
0.090207 0.140707 0.085882 0.096119 0.111929 0.091388 0.085689 0.073259 0.118130 0.106689 
Document::54
0.054109 0.083957 0.088807 0.122941 0.153046 0.070841 0.078733 0.101923 0.143671 0.101972 
0.122358 0.091922 0.104499 0.096618 0.102354 0.087677 0.127506 0.083715 0.073134 0.110218 
0.097119 0.127912 0.092463 0.097590 0.108718 0.098391 0.086361 0.072978 0.109499 0.108969 
Document::55
0.062234 0.137518 0.088491 0.073146 0.189680 0.081478 0.090556 0.089926 0.096989 0.089982 
0.069788 0.106606 0.118230 0.100122 0.137897 0.091858 0.107020 0.077372 0.067593 0.123516 
0.095906 0.117832 0.091805 0.091130 0.111310 0.112597 0.086432 0.069457 0.101617 0.121913 
Document::56
0.078015 0.071206 0.076941 0.089234 0.166935 0.083765 0.079063 0.078415 0.169884 0.106542 
0.130498 0.113737 0.072575 0.076004 0.102107 0.088969 0.177043 0.064454 0.075951 0.098663 
0.109632 0.122152 0.088299 0.093195 0.103822 0.105218 0.082472 0.080950 0.104568 0.109691 
Document::57
0.073230 0.081500 0.088064 0.086071 0.191069 0.095875 0.090494 0.089752 0.098063 0.105882 
0.096239 0.101425 0.089456 0.106607 0.087090 0.109664 0.127765 0.079447 0.080695 0.121613 
0.097940 0.120330 0.093752 0.087761 0.108370 0.093783 0.082964 0.070929 0.098471 0.145699 
Document::58
0.073230 0.081500 0.088064 0.086071 0.191069 0.095875 0.090494 0.089752 0.098063 0.105882 
0.117528 0.097639 0.086118 0.102628 0.083840 0.105571 0.098116 0.076482 0.102564 0.129515 
0.125714 0.112018 0.097144 0.081699 0.125555 0.097173 0.077233 0.070964 0.101538 0.110963 
Document::59
0.065828 0.131021 0.079163 0.077371 0.171756 0.086184 0.081347 0.109560 0.102591 0.095180 
0.087221 0.091922 0.139635 0.096618 0.078930 0.087677 0.092370 0.118851 0.084846 0.121930 
0.100606 0.118161 0.085415 0.095595 0.127654 0.090891 0.085223 0.067415 0.106597 0.122442 
Document::60
0.073230 0.081500 0.088064 0.086071 0.191069 0.095875 0.090494 0.089752 0.098063 0.105882 
0.087221 0.103634 0.092787 0.108330 0.090642 0.099389 0.080658 0.142275 0.084846 0.110218 
0.097552 0.128726 0.093595 0.102960 0.107408 0.098633 0.083402 0.072030 0.108072 0.107622 
Document::61
0.083903 0.091673 0.082747 0.095968 0.179533 0.105181 0.085030 0.084333 0.092143 0.099489 
0.078077 0.092769 0.083059 0.076004 0.081139 0.120421 0.114138 0.116875 0.117887 0.119631 
0.094646 0.128352 0.084952 0.100493 0.110717 0.095814 0.095592 0.067050 0.100604 0.121779 
Document::62
0.073230 0.081500 0.088064 0.086071 0.191069 0.095875 0.090494 0.089752 0.098063 0.105882 
0.072035 0.085590 0.076631 0.089469 0.113552 0.159467 0.085960 0.117503 0.099092 0.100701 
0.098989 0.132334 0.084042 0.094059 0.125603 0.089430 0.099925 0.066332 0.104884 0.104403 
Document::63
0.183471 0.111615 0.060743 0.081528 0.131792 0.077211 0.095659 0.106227 0.078720 0.073033 
0.105087 0.110080 0.123440 0.090187 0.108721 0.105571 0.085675 0.076482 0.077683 0.117074 
0.100641 0.124966 0.090333 0.095342 0.111972 0.096125 0.084372 0.071297 0.112735 0.112218 
Document::64
0.069864 0.077753 0.084015 0.082114 0.197609 0.091467 0.101658 0.085626 0.093555 0.116339 
0.106411 0.111467 0.087203 0.116518 0.084896 0.094304 0.099352 0.090042 0.078662 0.131146 
0.119599 0.120695 0.086423 0.095559 0.134100 0.091337 0.081364 0.089815 0.090773 0.090334 
Document::65
0.073230 0.081500 0.088064 0.086071 0.191069 0.095875 0.090494 0.089752 0.098063 0.105882 
0.077320 0.130105 0.118998 0.122921 0.092816 0.089780 0.082593 0.085723 0.086881 0.112862 
0.093632 0.121620 0.084042 0.094059 0.152389 0.094787 0.078496 0.071689 0.099526 0.109760 
Document::66
0.072073 0.080212 0.086672 0.084710 0.188048 0.094360 0.089063 0.088333 0.096513 0.120018 
0.100106 0.128564 0.082035 0.145166 0.079866 0.088716 0.081614 0.072856 0.097702 0.123375 
0.104346 0.121620 0.089399 0.088702 0.130960 0.089430 0.083853 0.066332 0.099526 0.125832 
