d_0 0.000587 0.118027 0.881386 
d_1 0.159210 0.840563 0.000227 
d_2 0.270872 0.395794 0.333333 
d_3 0.000344 0.482604 0.517051 
d_4 0.314302 0.685413 0.000285 
d_5 0.405347 0.081285 0.513368 
d_6 0.143020 0.314302 0.542678 
d_7 0.066933 0.000333 0.932734 
d_8 0.310369 0.241474 0.448157 
d_9 0.499773 0.182025 0.318202 
d_10 0.297326 0.108291 0.594383 
d_11 0.000344 0.448157 0.551498 
d_12 0.339283 0.499911 0.160807 
d_13 0.281299 0.125195 0.593506 
d_14 0.499853 0.323538 0.176609 
d_15 0.486362 0.027275 0.486362 
d_16 0.277824 0.000278 0.721898 
d_17 0.238163 0.380918 0.380918 
d_18 0.488785 0.333333 0.177881 
d_19 0.574819 0.424931 0.000250 
d_20 0.489700 0.306139 0.204161 
d_21 0.470467 0.264766 0.264766 
d_22 0.499875 0.325006 0.175119 
d_23 0.717653 0.282091 0.000256 
d_24 0.809184 0.071616 0.119201 
d_25 0.659804 0.339996 0.000200 
d_26 0.536924 0.462891 0.000185 
d_27 0.812201 0.187591 0.000208 
d_28 0.583177 0.083489 0.333333 
d_29 0.608516 0.391267 0.000217 
d_30 0.895482 0.104310 0.000208 
d_31 0.589547 0.333333 0.077120 
d_32 0.952086 0.047755 0.000159 
d_33 0.755274 0.111259 0.133467 
d_34 0.867622 0.132189 0.000189 
d_35 0.714014 0.285748 0.000238 
d_36 0.821167 0.000178 0.178654 
d_37 0.519124 0.269268 0.211609 
d_38 0.744856 0.254948 0.000196 
d_39 0.538304 0.358955 0.102741 
d_40 0.000250 0.799650 0.200100 
d_41 0.604462 0.302347 0.093191 
d_42 0.222315 0.777408 0.000278 
d_43 0.733133 0.166750 0.100117 
d_44 0.593506 0.312520 0.093974 
d_45 0.659366 0.127791 0.212843 
d_46 0.701892 0.297895 0.000213 
d_47 0.225081 0.150137 0.624781 
d_48 0.183765 0.530492 0.285743 
d_49 0.520716 0.270872 0.208411 
d_50 0.604462 0.139670 0.255868 
d_51 0.510993 0.244504 0.244504 
d_52 0.386328 0.113786 0.499886 
d_53 0.581683 0.181901 0.236417 
d_54 0.610880 0.388843 0.000278 
d_55 0.200073 0.381792 0.418136 
d_56 0.219595 0.585182 0.195223 
d_57 0.000400 0.240112 0.759489 
d_58 0.000238 0.214371 0.785391 
d_59 0.200114 0.399943 0.399943 
d_60 0.000227 0.318192 0.681581 
d_61 0.093191 0.557983 0.348826 
d_62 0.000204 0.652866 0.346930 
d_63 0.682671 0.219595 0.097733 
d_64 0.065392 0.174017 0.760591 
d_65 0.000344 0.413710 0.585946 
d_66 0.032549 0.419272 0.548179 
