d_0 0.118027 0.000587 0.881386 
d_1 0.136498 0.863275 0.000227 
d_2 0.250052 0.374974 0.374974 
d_3 0.069239 0.551498 0.379263 
d_4 0.371396 0.628319 0.000285 
d_5 0.351337 0.000270 0.648393 
d_6 0.342849 0.342849 0.314302 
d_7 0.033633 0.100233 0.866134 
d_8 0.654840 0.344816 0.000344 
d_9 0.817522 0.000454 0.182025 
d_10 0.324332 0.000270 0.675398 
d_11 0.034792 0.344816 0.620393 
d_12 0.250045 0.535606 0.214349 
d_13 0.343740 0.156416 0.499844 
d_14 0.529239 0.441081 0.029680 
d_15 0.405347 0.216311 0.378342 
d_16 0.250069 0.000278 0.749653 
d_17 0.404711 0.261956 0.333333 
d_18 0.622030 0.333333 0.044637 
d_19 0.624781 0.349988 0.025231 
d_20 0.408117 0.448909 0.142974 
d_21 0.558625 0.117837 0.323538 
d_22 0.524856 0.399950 0.075194 
d_23 0.794517 0.205227 0.000256 
d_24 0.856769 0.000238 0.142993 
d_25 0.799720 0.200080 0.000200 
d_26 0.684990 0.314825 0.000185 
d_27 0.833021 0.166771 0.000208 
d_28 0.624818 0.125130 0.250052 
d_29 0.738866 0.260917 0.000217 
d_30 0.999584 0.000208 0.000208 
d_31 0.743274 0.205227 0.051499 
d_32 0.888624 0.111217 0.000159 
d_33 0.888519 0.044637 0.066844 
d_34 0.867622 0.132189 0.000189 
d_35 0.737806 0.261956 0.000238 
d_36 0.928253 0.000178 0.071569 
d_37 0.749760 0.250048 0.000192 
d_38 0.842838 0.156966 0.000196 
d_39 0.768896 0.230848 0.000256 
d_40 0.699725 0.200100 0.100175 
d_41 0.697420 0.302347 0.000232 
d_42 0.860672 0.139051 0.000278 
d_43 0.783108 0.083458 0.133433 
d_44 0.655948 0.343740 0.000312 
d_45 0.765681 0.149054 0.085265 
d_46 0.531788 0.467999 0.000213 
d_47 0.150137 0.225081 0.624781 
d_48 0.224556 0.408117 0.367326 
d_49 0.479076 0.229232 0.291693 
d_50 0.395306 0.209389 0.395306 
d_51 0.266711 0.399956 0.333333 
d_52 0.272769 0.295480 0.431751 
d_53 0.327276 0.290932 0.381792 
d_54 0.555371 0.444352 0.000278 
d_55 0.200073 0.236417 0.563511 
d_56 0.097733 0.755788 0.146478 
d_57 0.000400 0.160208 0.839393 
d_58 0.000238 0.309541 0.690221 
d_59 0.000285 0.428490 0.571225 
d_60 0.204633 0.340904 0.454463 
d_61 0.000232 0.697420 0.302347 
d_62 0.000204 0.673261 0.326535 
d_63 0.414575 0.268340 0.317085 
d_64 0.108842 0.347817 0.543341 
d_65 0.000344 0.517051 0.482604 
d_66 0.000322 0.515952 0.483725 
