Document::0
0.111832 0.073211 0.082994 0.071237 0.218856 0.089834 0.086436 0.080541 0.088376 0.096683 
0.102509 0.118994 0.102509 0.106810 0.093907 0.088889 0.103225 0.103943 0.093190 0.086023 
0.101817 0.108364 0.104726 0.100363 0.100363 0.105453 0.088004 0.082180 0.108368 0.100363 
Document::1
0.111832 0.073211 0.082994 0.071237 0.218856 0.089834 0.086436 0.080541 0.088376 0.096683 
0.102510 0.119015 0.102497 0.106811 0.093901 0.088884 0.103235 0.103939 0.093190 0.086018 
0.101818 0.108363 0.104727 0.100364 0.100364 0.105454 0.088000 0.082182 0.108364 0.100364 
Document::2
0.111749 0.073454 0.082933 0.071332 0.218842 0.089768 0.086372 0.080481 0.088310 0.096760 
0.102506 0.118996 0.102504 0.106810 0.093905 0.088893 0.103231 0.103940 0.093191 0.086024 
0.101819 0.108364 0.104729 0.100365 0.100362 0.105457 0.087999 0.082179 0.108364 0.100363 
Document::3
0.111832 0.073211 0.082994 0.071237 0.218856 0.089834 0.086436 0.080541 0.088376 0.096683 
0.102509 0.119001 0.102503 0.106817 0.093904 0.088884 0.103219 0.103940 0.093199 0.086023 
0.101817 0.108364 0.104728 0.100363 0.100362 0.105455 0.087999 0.082186 0.108365 0.100362 
Document::4
0.111617 0.073515 0.082983 0.071248 0.218582 0.089810 0.086418 0.080386 0.088354 0.097089 
0.102503 0.119001 0.102517 0.106809 0.093901 0.088892 0.103219 0.103942 0.093193 0.086023 
0.101818 0.108363 0.104727 0.100364 0.100364 0.105454 0.088000 0.082182 0.108364 0.100364 
Document::5
0.111848 0.073421 0.083044 0.071449 0.218596 0.089876 0.086333 0.080445 0.088271 0.096717 
0.102513 0.118992 0.102508 0.106811 0.093906 0.088888 0.103224 0.103944 0.093189 0.086024 
0.101820 0.108367 0.104725 0.100365 0.100360 0.105455 0.088003 0.082181 0.108363 0.100362 
Document::6
0.111633 0.073377 0.083143 0.071110 0.218466 0.089971 0.086579 0.080546 0.088367 0.096807 
0.102506 0.118996 0.102512 0.106807 0.093904 0.088889 0.103222 0.103942 0.093193 0.086028 
0.101816 0.108367 0.104726 0.100363 0.100363 0.105457 0.088002 0.082181 0.108363 0.100362 
Document::7
0.111815 0.073200 0.082982 0.071226 0.218971 0.089821 0.086423 0.080529 0.088363 0.096669 
0.102509 0.118994 0.102509 0.106810 0.093907 0.088889 0.103225 0.103943 0.093190 0.086023 
0.101815 0.108365 0.104724 0.100364 0.100365 0.105456 0.088002 0.082180 0.108365 0.100364 
Document::8
0.111766 0.073168 0.082945 0.071343 0.218726 0.089929 0.086681 0.080493 0.088324 0.096626 
0.102508 0.118995 0.102508 0.106812 0.093909 0.088889 0.103227 0.103942 0.093190 0.086020 
0.101816 0.108364 0.104727 0.100363 0.100362 0.105455 0.088002 0.082181 0.108366 0.100363 
Document::9
0.111732 0.073345 0.083402 0.071078 0.218666 0.089635 0.086392 0.080658 0.088476 0.096616 
0.102509 0.118994 0.102509 0.106810 0.093907 0.088889 0.103225 0.103943 0.093190 0.086023 
0.101817 0.108368 0.104726 0.100366 0.100363 0.105453 0.088001 0.082181 0.108362 0.100363 
Document::10
0.111799 0.073190 0.082970 0.071216 0.218791 0.089808 0.086559 0.080517 0.088350 0.096803 
0.102509 0.118994 0.102509 0.106810 0.093907 0.088889 0.103225 0.103943 0.093190 0.086023 
0.101816 0.108367 0.104724 0.100373 0.100364 0.105452 0.088000 0.082181 0.108365 0.100359 
Document::11
0.111699 0.073125 0.083341 0.071152 0.218744 0.089728 0.086333 0.080593 0.088568 0.096717 
0.102504 0.119002 0.102504 0.106810 0.093903 0.088893 0.103226 0.103943 0.093192 0.086022 
0.101817 0.108363 0.104730 0.100363 0.100363 0.105455 0.088000 0.082182 0.108364 0.100363 
Document::12
0.111864 0.073284 0.083057 0.071311 0.218777 0.089741 0.086494 0.080457 0.088433 0.096583 
0.102514 0.118998 0.102509 0.106806 0.093907 0.088887 0.103228 0.103948 0.093188 0.086016 
0.101818 0.108363 0.104730 0.100365 0.100362 0.105456 0.087998 0.082180 0.108364 0.100362 
Document::13
0.111946 0.073388 0.083007 0.071121 0.218499 0.090281 0.086443 0.080409 0.088232 0.096674 
0.102511 0.118993 0.102511 0.106812 0.093906 0.088889 0.103225 0.103942 0.093190 0.086022 
0.101817 0.108365 0.104730 0.100363 0.100364 0.105452 0.088002 0.082180 0.108364 0.100364 
Document::14
0.111832 0.073211 0.082994 0.071237 0.218856 0.089834 0.086436 0.080541 0.088376 0.096683 
0.102511 0.118996 0.102509 0.106809 0.093907 0.088887 0.103228 0.103945 0.093188 0.086020 
0.101816 0.108366 0.104728 0.100363 0.100365 0.105457 0.088002 0.082181 0.108361 0.100362 
Document::15
0.111798 0.073240 0.083600 0.071269 0.218647 0.089688 0.086443 0.080558 0.088232 0.096525 
0.102506 0.118991 0.102509 0.106809 0.093907 0.088895 0.103225 0.103945 0.093190 0.086023 
0.101816 0.108365 0.104734 0.100362 0.100363 0.105454 0.088000 0.082180 0.108365 0.100361 
Document::16
0.111831 0.073558 0.083032 0.071142 0.218712 0.089715 0.086321 0.080581 0.088555 0.096554 
0.102509 0.118994 0.102509 0.106810 0.093907 0.088889 0.103225 0.103943 0.093190 0.086023 
0.101815 0.108364 0.104725 0.100364 0.100363 0.105456 0.088004 0.082182 0.108365 0.100363 
Document::17
0.111830 0.073164 0.082773 0.071195 0.218272 0.090187 0.086650 0.080474 0.088585 0.096869 
0.102515 0.118994 0.102507 0.106816 0.093905 0.088888 0.103223 0.103949 0.093186 0.086019 
0.101818 0.108365 0.104728 0.100363 0.100364 0.105454 0.088000 0.082183 0.108363 0.100363 
Document::18
0.111633 0.073280 0.083476 0.071015 0.218323 0.090295 0.086611 0.080290 0.088397 0.096678 
0.102506 0.118999 0.102509 0.106818 0.093907 0.088885 0.103225 0.103945 0.093188 0.086018 
0.101817 0.108363 0.104728 0.100365 0.100364 0.105455 0.088000 0.082182 0.108363 0.100363 
Document::19
0.112159 0.073186 0.083094 0.071068 0.218337 0.089918 0.086379 0.080646 0.088611 0.096602 
0.102509 0.118993 0.102517 0.106809 0.093904 0.088887 0.103222 0.103940 0.093199 0.086020 
0.101816 0.108369 0.104728 0.100362 0.100362 0.105454 0.088002 0.082182 0.108364 0.100362 
Document::20
0.111862 0.073384 0.082688 0.071269 0.219082 0.089798 0.086560 0.080539 0.088345 0.096473 
0.102502 0.119008 0.102502 0.106811 0.093909 0.088894 0.103230 0.103936 0.093187 0.086020 
0.101818 0.108363 0.104727 0.100364 0.100364 0.105454 0.088000 0.082182 0.108364 0.100364 
Document::21
0.112093 0.073143 0.083193 0.071026 0.218800 0.089717 0.086624 0.080450 0.088558 0.096397 
0.102509 0.118994 0.102509 0.106807 0.093907 0.088895 0.103223 0.103946 0.093188 0.086021 
0.101817 0.108364 0.104727 0.100363 0.100363 0.105454 0.088000 0.082182 0.108363 0.100369 
Document::22
0.111813 0.073500 0.082651 0.071533 0.218984 0.089610 0.086374 0.080651 0.088158 0.096726 
0.102508 0.118996 0.102509 0.106812 0.093904 0.088886 0.103233 0.103939 0.093193 0.086020 
0.101818 0.108363 0.104727 0.100364 0.100364 0.105454 0.088000 0.082182 0.108364 0.100364 
Document::23
0.111402 0.073424 0.083008 0.071016 0.220087 0.089665 0.086284 0.080567 0.088215 0.096331 
0.102508 0.118996 0.102511 0.106809 0.093909 0.088891 0.103224 0.103942 0.093189 0.086022 
0.101818 0.108363 0.104727 0.100364 0.100364 0.105454 0.088000 0.082182 0.108364 0.100364 
Document::24
0.112566 0.073117 0.082849 0.071006 0.218873 0.089947 0.086419 0.080408 0.088349 0.096464 
0.102509 0.118994 0.102509 0.106810 0.093907 0.088889 0.103225 0.103943 0.093190 0.086023 
0.101820 0.108364 0.104726 0.100364 0.100363 0.105455 0.088000 0.082181 0.108364 0.100363 
Document::25
0.112205 0.072927 0.082947 0.071111 0.219482 0.089747 0.086221 0.080360 0.088592 0.096407 
0.102506 0.118994 0.102512 0.106807 0.093907 0.088892 0.103231 0.103943 0.093188 0.086020 
0.101818 0.108363 0.104727 0.100364 0.100364 0.105454 0.088000 0.082182 0.108364 0.100364 
Document::26
0.111860 0.072895 0.082763 0.071227 0.219680 0.089855 0.086183 0.080472 0.088405 0.096660 
0.102506 0.118991 0.102512 0.106807 0.093904 0.088892 0.103228 0.103948 0.093193 0.086020 
0.101818 0.108363 0.104727 0.100364 0.100364 0.105454 0.088000 0.082182 0.108364 0.100364 
Document::27
0.112662 0.072841 0.082702 0.071470 0.219076 0.089788 0.085972 0.080560 0.087898 0.097031 
0.102509 0.118994 0.102509 0.106810 0.093907 0.088889 0.103225 0.103943 0.093190 0.086023 
0.101818 0.108363 0.104727 0.100364 0.100364 0.105454 0.088000 0.082182 0.108364 0.100364 
Document::28
0.111893 0.073211 0.082935 0.070806 0.218859 0.089439 0.086208 0.081086 0.088579 0.096983 
0.102509 0.118994 0.102509 0.106810 0.093907 0.088889 0.103225 0.103943 0.093190 0.086023 
0.101820 0.108362 0.104726 0.100364 0.100363 0.105455 0.087999 0.082181 0.108364 0.100366 
Document::29
0.112303 0.072895 0.082616 0.071522 0.219237 0.090002 0.086035 0.081062 0.087963 0.096365 
0.102508 0.118993 0.102511 0.106809 0.093906 0.088889 0.103227 0.103942 0.093190 0.086025 
0.101818 0.108363 0.104727 0.100364 0.100364 0.105454 0.088000 0.082182 0.108364 0.100364 
Document::30
0.112073 0.072693 0.082555 0.070880 0.221139 0.089494 0.086119 0.080266 0.088340 0.096441 
0.102509 0.118994 0.102509 0.106810 0.093907 0.088889 0.103225 0.103943 0.093190 0.086023 
0.101818 0.108363 0.104727 0.100364 0.100364 0.105454 0.088000 0.082182 0.108364 0.100364 
Document::31
0.112173 0.073150 0.082738 0.071333 0.218823 0.089692 0.086753 0.080296 0.088831 0.096212 
0.102508 0.118996 0.102508 0.106809 0.093906 0.088891 0.103230 0.103942 0.093189 0.086022 
0.101818 0.108363 0.104728 0.100363 0.100363 0.105454 0.088000 0.082182 0.108363 0.100365 
Document::32
0.111597 0.072576 0.083010 0.071207 0.220487 0.089937 0.086274 0.080577 0.088344 0.095991 
0.102508 0.118993 0.102511 0.106809 0.093906 0.088888 0.103227 0.103944 0.093189 0.086025 
0.101818 0.108363 0.104727 0.100364 0.100364 0.105454 0.088000 0.082182 0.108364 0.100364 
Document::33
0.111532 0.073168 0.082591 0.070912 0.219910 0.089533 0.086157 0.080154 0.088527 0.097516 
0.102509 0.118994 0.102509 0.106810 0.093907 0.088889 0.103225 0.103943 0.093190 0.086023 
0.101818 0.108363 0.104727 0.100364 0.100364 0.105454 0.088000 0.082182 0.108364 0.100364 
Document::34
0.111925 0.073283 0.082407 0.070880 0.219960 0.090083 0.086856 0.080266 0.088193 0.096146 
0.102510 0.118992 0.102508 0.106809 0.093906 0.088888 0.103224 0.103944 0.093192 0.086027 
0.101818 0.108363 0.104727 0.100364 0.100364 0.105454 0.088000 0.082182 0.108364 0.100364 
Document::35
0.111959 0.072959 0.083132 0.071438 0.218989 0.089491 0.086554 0.080544 0.088336 0.096598 
0.102508 0.118995 0.102510 0.106809 0.093906 0.088891 0.103224 0.103947 0.093189 0.086022 
0.101818 0.108363 0.104727 0.100364 0.100364 0.105454 0.088000 0.082182 0.108364 0.100364 
Document::36
0.111565 0.072945 0.082506 0.071575 0.220567 0.089588 0.086216 0.080218 0.087846 0.096973 
0.102509 0.118994 0.102509 0.106810 0.093907 0.088889 0.103225 0.103943 0.093190 0.086023 
0.101820 0.108364 0.104727 0.100363 0.100363 0.105454 0.088000 0.082182 0.108363 0.100364 
Document::37
0.111696 0.073326 0.082898 0.070922 0.219795 0.089841 0.086317 0.080461 0.088098 0.096645 
0.102507 0.118991 0.102510 0.106808 0.093910 0.088890 0.103226 0.103946 0.093191 0.086021 
0.101818 0.108363 0.104727 0.100364 0.100364 0.105454 0.088000 0.082182 0.108364 0.100364 
Document::38
0.111812 0.073107 0.082836 0.070848 0.219874 0.089787 0.086111 0.080544 0.088189 0.096893 
0.102508 0.118992 0.102508 0.106811 0.093909 0.088889 0.103224 0.103947 0.093187 0.086025 
0.101818 0.108363 0.104727 0.100364 0.100364 0.105454 0.088000 0.082182 0.108364 0.100364 
Document::39
0.112190 0.073308 0.082898 0.071195 0.218855 0.089557 0.086323 0.080751 0.088401 0.096521 
0.102507 0.118995 0.102513 0.106808 0.093905 0.088888 0.103226 0.103944 0.093189 0.086027 
0.101818 0.108363 0.104727 0.100364 0.100364 0.105454 0.088000 0.082182 0.108364 0.100364 
Document::40
0.112552 0.073056 0.082947 0.071090 0.219132 0.089758 0.086374 0.080503 0.088158 0.096431 
0.102510 0.118992 0.102510 0.106808 0.093908 0.088890 0.103226 0.103944 0.093189 0.086024 
0.101817 0.108363 0.104728 0.100363 0.100363 0.105454 0.088001 0.082184 0.108364 0.100363 
Document::41
0.112352 0.072927 0.082947 0.071406 0.219187 0.089894 0.086368 0.080360 0.088002 0.096555 
0.102508 0.118993 0.102508 0.106812 0.093906 0.088889 0.103227 0.103942 0.093192 0.086022 
0.101818 0.108363 0.104727 0.100364 0.100364 0.105454 0.088000 0.082182 0.108364 0.100364 
Document::42
0.112371 0.073182 0.082627 0.070921 0.219363 0.089584 0.086496 0.080627 0.088280 0.096550 
0.102507 0.118992 0.102510 0.106811 0.093905 0.088888 0.103224 0.103944 0.093189 0.086030 
0.101818 0.108363 0.104727 0.100364 0.100364 0.105454 0.088000 0.082182 0.108364 0.100364 
Document::43
0.112022 0.073595 0.082703 0.071638 0.218836 0.090071 0.085967 0.080124 0.088184 0.096859 
0.102509 0.118994 0.102509 0.106810 0.093907 0.088889 0.103225 0.103943 0.093190 0.086023 
0.101818 0.108363 0.104727 0.100364 0.100364 0.105454 0.088000 0.082182 0.108364 0.100364 
Document::44
0.111945 0.073143 0.082897 0.071026 0.219688 0.089569 0.086328 0.080598 0.088262 0.096545 
0.102507 0.118992 0.102513 0.106811 0.093908 0.088888 0.103223 0.103946 0.093189 0.086024 
0.101819 0.108364 0.104727 0.100363 0.100366 0.105454 0.088001 0.082182 0.108363 0.100363 
Document::45
0.111533 0.072970 0.082996 0.071449 0.219612 0.090243 0.086124 0.080408 0.087906 0.096760 
0.102511 0.118993 0.102508 0.106812 0.093909 0.088889 0.103225 0.103942 0.093190 0.086022 
0.101818 0.108364 0.104728 0.100364 0.100364 0.105455 0.087999 0.082181 0.108362 0.100365 
Document::46
0.111484 0.073182 0.082774 0.071364 0.219067 0.090027 0.086053 0.080331 0.088575 0.097141 
0.102512 0.118994 0.102507 0.106813 0.093905 0.088885 0.103221 0.103952 0.093189 0.086022 
0.101818 0.108363 0.104727 0.100364 0.100364 0.105454 0.088000 0.082182 0.108364 0.100364 
Document::47
0.111716 0.073284 0.082908 0.071311 0.219073 0.089741 0.086494 0.080457 0.088284 0.096731 
0.102509 0.118996 0.102509 0.106809 0.093904 0.088892 0.103225 0.103945 0.093188 0.086023 
0.101815 0.108367 0.104725 0.100365 0.100360 0.105461 0.088000 0.082181 0.108362 0.100363 
Document::48
0.111963 0.073251 0.082871 0.071279 0.218679 0.089998 0.086456 0.080421 0.088541 0.096540 
0.102526 0.118996 0.102507 0.106813 0.093902 0.088888 0.103220 0.103940 0.093189 0.086019 
0.101816 0.108364 0.104727 0.100365 0.100363 0.105460 0.087998 0.082181 0.108365 0.100361 
Document::49
0.111682 0.073016 0.082773 0.071047 0.219309 0.090039 0.086650 0.080474 0.088289 0.096721 
0.102508 0.118990 0.102516 0.106809 0.093906 0.088889 0.103227 0.103944 0.093190 0.086022 
0.101818 0.108364 0.104729 0.100366 0.100361 0.105453 0.088000 0.082180 0.108365 0.100363 
Document::50
0.111649 0.073143 0.082897 0.071174 0.218800 0.089717 0.086476 0.080598 0.088558 0.096989 
0.102509 0.118991 0.102512 0.106809 0.093907 0.088889 0.103222 0.103942 0.093190 0.086028 
0.101818 0.108364 0.104726 0.100363 0.100363 0.105454 0.088000 0.082184 0.108362 0.100366 
Document::51
0.111848 0.073125 0.083044 0.071300 0.219189 0.089876 0.086333 0.080445 0.088271 0.096568 
0.102511 0.118990 0.102508 0.106809 0.093910 0.088890 0.103225 0.103945 0.093188 0.086026 
0.101817 0.108364 0.104727 0.100364 0.100361 0.105455 0.088000 0.082183 0.108367 0.100361 
Document::52
0.111716 0.073135 0.082908 0.071311 0.218628 0.089889 0.086643 0.080605 0.088433 0.096731 
0.102506 0.118990 0.102514 0.106807 0.093913 0.088895 0.103222 0.103948 0.093185 0.086021 
0.101817 0.108364 0.104726 0.100369 0.100364 0.105452 0.088000 0.082182 0.108364 0.100363 
Document::53
0.111979 0.073114 0.083032 0.071142 0.218712 0.089715 0.086321 0.080581 0.088703 0.096702 
0.102506 0.118987 0.102515 0.106804 0.093913 0.088888 0.103228 0.103948 0.093189 0.086021 
0.101817 0.108361 0.104726 0.100364 0.100368 0.105455 0.088000 0.082182 0.108365 0.100363 
Document::54
0.111848 0.073273 0.083044 0.071152 0.218596 0.089728 0.086482 0.080593 0.088568 0.096717 
0.102515 0.118988 0.102512 0.106807 0.093905 0.088888 0.103220 0.103951 0.093194 0.086019 
0.101818 0.108363 0.104727 0.100364 0.100364 0.105454 0.088000 0.082182 0.108364 0.100364 
Document::55
0.111666 0.073103 0.083316 0.071131 0.218679 0.089701 0.086604 0.080570 0.088245 0.096984 
0.102506 0.118991 0.102512 0.106813 0.093904 0.088890 0.103223 0.103943 0.093191 0.086029 
0.101821 0.108364 0.104725 0.100362 0.100361 0.105452 0.088000 0.082182 0.108364 0.100369 
Document::56
0.111832 0.073211 0.082994 0.071237 0.218856 0.089834 0.086436 0.080541 0.088376 0.096683 
0.102506 0.119001 0.102509 0.106812 0.093905 0.088887 0.103228 0.103943 0.093191 0.086018 
0.101821 0.108360 0.104727 0.100361 0.100368 0.105457 0.087999 0.082181 0.108362 0.100365 
Document::57
0.111832 0.073211 0.082994 0.071237 0.218856 0.089834 0.086436 0.080541 0.088376 0.096683 
0.102509 0.118994 0.102509 0.106810 0.093907 0.088889 0.103225 0.103943 0.093190 0.086023 
0.101823 0.108362 0.104725 0.100362 0.100364 0.105454 0.088000 0.082181 0.108361 0.100369 
Document::58
0.111782 0.073327 0.083106 0.071205 0.218758 0.089794 0.086397 0.080505 0.088337 0.096788 
0.102509 0.118994 0.102507 0.106813 0.093907 0.088890 0.103226 0.103940 0.093191 0.086023 
0.101822 0.108360 0.104729 0.100362 0.100361 0.105456 0.087999 0.082187 0.108360 0.100364 
Document::59
0.111832 0.073211 0.082994 0.071237 0.218856 0.089834 0.086436 0.080541 0.088376 0.096683 
0.102508 0.118998 0.102508 0.106812 0.093909 0.088886 0.103224 0.103939 0.093195 0.086020 
0.101820 0.108361 0.104727 0.100366 0.100365 0.105453 0.087999 0.082181 0.108364 0.100363 
Document::60
0.111815 0.073103 0.083168 0.071131 0.218679 0.089998 0.086604 0.080421 0.088245 0.096836 
0.102507 0.118994 0.102510 0.106813 0.093911 0.088886 0.103221 0.103944 0.093192 0.086022 
0.101822 0.108362 0.104725 0.100364 0.100362 0.105453 0.087998 0.082180 0.108365 0.100368 
Document::61
0.111914 0.073316 0.083094 0.071194 0.218726 0.089929 0.086385 0.080493 0.088324 0.096626 
0.102507 0.118996 0.102502 0.106805 0.093919 0.088891 0.103226 0.103935 0.093195 0.086025 
0.101818 0.108362 0.104726 0.100365 0.100366 0.105454 0.088002 0.082181 0.108362 0.100366 
Document::62
0.111832 0.073211 0.082994 0.071237 0.218856 0.089834 0.086436 0.080541 0.088376 0.096683 
0.102504 0.118990 0.102512 0.106807 0.093921 0.088896 0.103220 0.103937 0.093197 0.086016 
0.101816 0.108363 0.104726 0.100367 0.100362 0.105456 0.088005 0.082183 0.108360 0.100362 
Document::63
0.111699 0.073421 0.083044 0.071152 0.218596 0.089728 0.086630 0.080742 0.088271 0.096717 
0.102513 0.118986 0.102516 0.106822 0.093906 0.088889 0.103221 0.103936 0.093187 0.086023 
0.101817 0.108365 0.104727 0.100362 0.100367 0.105453 0.087999 0.082184 0.108364 0.100362 
Document::64
0.111617 0.073070 0.082835 0.071396 0.218730 0.089661 0.086862 0.080830 0.088206 0.096793 
0.102509 0.118994 0.102509 0.106810 0.093907 0.088889 0.103225 0.103943 0.093190 0.086023 
0.101822 0.108360 0.104727 0.100363 0.100363 0.105457 0.087996 0.082185 0.108363 0.100365 
Document::65
0.111832 0.073211 0.082994 0.071237 0.218856 0.089834 0.086436 0.080541 0.088376 0.096683 
0.102508 0.118998 0.102511 0.106806 0.093909 0.088892 0.103227 0.103939 0.093190 0.086020 
0.101820 0.108361 0.104725 0.100367 0.100367 0.105453 0.088000 0.082185 0.108361 0.100361 
Document::66
0.111832 0.073211 0.082994 0.071237 0.218856 0.089834 0.086436 0.080541 0.088376 0.096683 
0.102509 0.118994 0.102512 0.106807 0.093904 0.088895 0.103225 0.103940 0.093191 0.086023 
0.101821 0.108360 0.104727 0.100364 0.100365 0.105456 0.087999 0.082183 0.108362 0.100365 
