d_0 0.000587 0.000587 0.998826 
d_1 0.000227 0.999546 0.000227 
d_2 0.104310 0.395794 0.499896 
d_3 0.000344 0.723734 0.275921 
d_4 0.371396 0.628319 0.000285 
d_5 0.216311 0.135296 0.648393 
d_6 0.342849 0.314302 0.342849 
d_7 0.033633 0.000333 0.966034 
d_8 0.138133 0.448157 0.413710 
d_9 0.681344 0.000454 0.318202 
d_10 0.054280 0.000270 0.945450 
d_11 0.275921 0.585946 0.138133 
d_12 0.125112 0.553454 0.321435 
d_13 0.343740 0.093974 0.562285 
d_14 0.000294 0.323538 0.676168 
d_15 0.297326 0.297326 0.405347 
d_16 0.250069 0.000278 0.749653 
d_17 0.428503 0.428503 0.142993 
d_18 0.466578 0.444370 0.089052 
d_19 0.399950 0.275044 0.325006 
d_20 0.510096 0.489700 0.000204 
d_21 0.588011 0.264766 0.147223 
d_22 0.699725 0.300025 0.000250 
d_23 0.897002 0.102741 0.000256 
d_24 0.856769 0.000238 0.142993 
d_25 0.799720 0.200080 0.000200 
d_26 0.796039 0.203776 0.000185 
d_27 0.999584 0.000208 0.000208 
d_28 0.853841 0.000208 0.145950 
d_29 0.934391 0.065392 0.000217 
d_30 0.999584 0.000208 0.000208 
d_31 0.845760 0.102741 0.051499 
d_32 0.936221 0.063620 0.000159 
d_33 0.999556 0.000222 0.000222 
d_34 0.905337 0.094475 0.000189 
d_35 0.880562 0.119201 0.000238 
d_36 0.928253 0.000178 0.071569 
d_37 0.845858 0.153950 0.000192 
d_38 0.725260 0.274544 0.000196 
d_39 0.820138 0.179605 0.000256 
d_40 0.699725 0.175119 0.125156 
d_41 0.929816 0.069951 0.000232 
d_42 0.832917 0.166805 0.000278 
d_43 0.999667 0.000167 0.000167 
d_44 0.624727 0.218857 0.156416 
d_45 0.765681 0.064002 0.170317 
d_46 0.638103 0.361684 0.000213 
d_47 0.175119 0.275044 0.549838 
d_48 0.204161 0.367326 0.428513 
d_49 0.374974 0.291693 0.333333 
d_50 0.465024 0.255868 0.279108 
d_51 0.177881 0.488785 0.333333 
d_52 0.159210 0.477175 0.363616 
d_53 0.163729 0.527167 0.309104 
d_54 0.222315 0.777408 0.000278 
d_55 0.181901 0.181901 0.636198 
d_56 0.000244 0.487692 0.512064 
d_57 0.000400 0.000400 0.999201 
d_58 0.071616 0.214371 0.714014 
d_59 0.000285 0.371396 0.628319 
d_60 0.227345 0.363616 0.409039 
d_61 0.093191 0.627702 0.279108 
d_62 0.000204 0.591679 0.408117 
d_63 0.195223 0.585182 0.219595 
d_64 0.282642 0.000217 0.717141 
d_65 0.000344 0.448157 0.551498 
d_66 0.000322 0.322591 0.677087 
