Document::0
0.083718 0.074374 0.083096 0.067830 0.229980 0.092320 0.086467 0.081726 0.097414 0.103075 
0.102740 0.123964 0.105480 0.097947 0.093836 0.095208 0.104107 0.083565 0.091097 0.102056 
0.098112 0.110186 0.097357 0.096603 0.100376 0.101888 0.092086 0.089808 0.109437 0.104146 
Document::1
0.096753 0.077810 0.086362 0.066503 0.220589 0.085622 0.084776 0.080127 0.095508 0.105949 
0.102720 0.124082 0.105459 0.097909 0.093809 0.095202 0.104160 0.083542 0.091092 0.102026 
0.098113 0.110188 0.097359 0.096604 0.100378 0.101886 0.092076 0.089812 0.109433 0.104151 
Document::2
0.079740 0.089847 0.093403 0.064607 0.219052 0.087933 0.082359 0.077843 0.097537 0.107680 
0.102741 0.123983 0.105460 0.097940 0.093829 0.095211 0.104129 0.083559 0.091100 0.102047 
0.098114 0.110183 0.097373 0.096607 0.100373 0.101884 0.092077 0.089813 0.109431 0.104146 
Document::3
0.083718 0.074374 0.088085 0.067830 0.229980 0.087331 0.086467 0.081726 0.097414 0.103075 
0.102723 0.123975 0.105463 0.097962 0.093820 0.095213 0.104100 0.083561 0.091144 0.102039 
0.098110 0.110187 0.097361 0.096601 0.100377 0.101883 0.092079 0.089812 0.109441 0.104148 
Document::4
0.079362 0.084693 0.083503 0.069031 0.213286 0.096976 0.086699 0.077475 0.092347 0.116630 
0.102747 0.123978 0.105477 0.097956 0.093814 0.095207 0.104094 0.083566 0.091107 0.102054 
0.098113 0.110188 0.097359 0.096604 0.100378 0.101886 0.092076 0.089812 0.109433 0.104151 
Document::5
0.084092 0.084693 0.092961 0.073760 0.213286 0.092246 0.081969 0.082204 0.092347 0.102442 
0.102740 0.123964 0.105480 0.097947 0.093836 0.095208 0.104107 0.083565 0.091097 0.102056 
0.098123 0.110189 0.097355 0.096606 0.100371 0.101885 0.092086 0.089809 0.109432 0.104144 
Document::6
0.079740 0.070840 0.093403 0.064607 0.214300 0.087933 0.096614 0.082595 0.092785 0.117184 
0.102737 0.123970 0.105488 0.097935 0.093824 0.095207 0.104104 0.083565 0.091106 0.102064 
0.098110 0.110193 0.097361 0.096601 0.100380 0.101886 0.092076 0.089809 0.109436 0.104148 
Document::7
0.084137 0.074747 0.083513 0.068170 0.231133 0.087769 0.086901 0.082136 0.097903 0.103592 
0.102747 0.123960 0.105487 0.097944 0.093833 0.095205 0.104114 0.083562 0.091094 0.102053 
0.098106 0.110199 0.097357 0.096597 0.100376 0.101879 0.092080 0.089808 0.109442 0.104154 
Document::8
0.077173 0.091553 0.085798 0.067126 0.207401 0.085102 0.102701 0.075337 0.089799 0.118010 
0.102750 0.123972 0.105480 0.097937 0.093836 0.095219 0.104107 0.083556 0.091098 0.102045 
0.098113 0.110188 0.097359 0.096604 0.100378 0.101886 0.092076 0.089812 0.109433 0.104151 
Document::9
0.086769 0.078116 0.104674 0.067436 0.208359 0.080875 0.084696 0.089545 0.099453 0.100075 
0.102740 0.123964 0.105480 0.097947 0.093836 0.095208 0.104107 0.083565 0.091097 0.102056 
0.098115 0.110190 0.097358 0.096606 0.100377 0.101885 0.092075 0.089811 0.109435 0.104150 
Document::10
0.079740 0.070840 0.098155 0.069359 0.214300 0.087933 0.082359 0.077843 0.102289 0.117184 
0.102740 0.123964 0.105480 0.097947 0.093836 0.095208 0.104107 0.083565 0.091097 0.102056 
0.098109 0.110197 0.097352 0.096616 0.100374 0.101882 0.092072 0.089811 0.109437 0.104149 
Document::11
0.089151 0.074747 0.083513 0.068170 0.226119 0.087769 0.086901 0.082136 0.097903 0.103592 
0.102729 0.123962 0.105480 0.097937 0.093826 0.095198 0.104117 0.083587 0.091108 0.102056 
0.098111 0.110183 0.097362 0.096599 0.100381 0.101884 0.092080 0.089810 0.109444 0.104146 
Document::12
0.078989 0.070173 0.083110 0.073413 0.216989 0.082398 0.081583 0.086524 0.115447 0.111374 
0.102760 0.123988 0.105447 0.097959 0.093848 0.095210 0.104137 0.083539 0.091079 0.102035 
0.098115 0.110187 0.097356 0.096601 0.100377 0.101891 0.092081 0.089809 0.109433 0.104150 
Document::13
0.084895 0.080727 0.089075 0.064915 0.220097 0.093127 0.087526 0.078214 0.098003 0.103420 
0.102745 0.123979 0.105496 0.097942 0.093831 0.095203 0.104102 0.083560 0.091092 0.102051 
0.098109 0.110199 0.097360 0.096603 0.100376 0.101882 0.092077 0.089811 0.109431 0.104152 
Document::14
0.077529 0.078116 0.100054 0.067436 0.208359 0.080875 0.080076 0.080305 0.104074 0.123176 
0.102734 0.123966 0.105485 0.097943 0.093832 0.095204 0.104132 0.083552 0.091093 0.102061 
0.098113 0.110188 0.097358 0.096606 0.100377 0.101886 0.092076 0.089812 0.109433 0.104150 
Document::15
0.087989 0.074529 0.110830 0.063699 0.215973 0.082012 0.085886 0.076749 0.105536 0.096797 
0.102731 0.123954 0.105482 0.097971 0.093838 0.095200 0.104109 0.083558 0.091110 0.102048 
0.098110 0.110187 0.097363 0.096603 0.100377 0.101893 0.092072 0.089811 0.109437 0.104147 
Document::16
0.080893 0.081505 0.085113 0.070362 0.222219 0.084384 0.083550 0.078969 0.103768 0.109238 
0.102740 0.123964 0.105480 0.097947 0.093836 0.095208 0.104107 0.083565 0.091097 0.102056 
0.098106 0.110191 0.097357 0.096605 0.100373 0.101887 0.092077 0.089811 0.109442 0.104151 
Document::17
0.087172 0.069196 0.081953 0.067749 0.213968 0.085892 0.094372 0.076036 0.109198 0.114464 
0.102738 0.123961 0.105479 0.097957 0.093825 0.095208 0.104105 0.083566 0.091097 0.102065 
0.098112 0.110200 0.097355 0.096606 0.100377 0.101885 0.092075 0.089808 0.109432 0.104149 
Document::18
0.082937 0.079083 0.095636 0.064458 0.203574 0.094968 0.103036 0.072343 0.103894 0.100072 
0.102734 0.123997 0.105485 0.097943 0.093821 0.095204 0.104112 0.083572 0.091082 0.102051 
0.098113 0.110187 0.097358 0.096603 0.100380 0.101886 0.092075 0.089811 0.109433 0.104153 
Document::19
0.084051 0.071194 0.092444 0.065323 0.206307 0.087292 0.082042 0.082265 0.123190 0.105891 
0.102725 0.123946 0.105507 0.097954 0.093833 0.095194 0.104092 0.083552 0.091125 0.102072 
0.098113 0.110188 0.097358 0.096604 0.100377 0.101889 0.092076 0.089812 0.109433 0.104150 
Document::20
0.081397 0.068246 0.080827 0.066819 0.247651 0.089290 0.088498 0.084148 0.093965 0.099159 
0.102758 0.123998 0.105456 0.097935 0.093835 0.095228 0.104125 0.083545 0.091076 0.102043 
0.098111 0.110191 0.097357 0.096602 0.100379 0.101885 0.092077 0.089813 0.109434 0.104151 
Document::21
0.090969 0.068559 0.085798 0.067126 0.225796 0.085102 0.088905 0.089133 0.098996 0.099615 
0.102746 0.123959 0.105486 0.097954 0.093842 0.095204 0.104103 0.083561 0.091093 0.102052 
0.098110 0.110187 0.097358 0.096606 0.100377 0.101886 0.092073 0.089815 0.109433 0.104153 
Document::22
0.085583 0.067935 0.075902 0.071071 0.232852 0.088883 0.088095 0.079207 0.093537 0.116935 
0.102723 0.123975 0.105483 0.097942 0.093831 0.095213 0.104131 0.083551 0.091102 0.102049 
0.098112 0.110187 0.097358 0.096603 0.100377 0.101888 0.092075 0.089814 0.109435 0.104150 
Document::23
0.090570 0.078049 0.072594 0.063615 0.261928 0.085010 0.084255 0.084472 0.085102 0.094405 
0.102731 0.123975 0.105482 0.097939 0.093838 0.095200 0.104098 0.083599 0.091089 0.102048 
0.098113 0.110188 0.097359 0.096604 0.100378 0.101886 0.092076 0.089812 0.109433 0.104151 
Document::24
0.101434 0.076384 0.071046 0.057993 0.235016 0.087462 0.090989 0.078405 0.100349 0.100923 
0.102740 0.123964 0.105480 0.097947 0.093836 0.095208 0.104107 0.083565 0.091097 0.102056 
0.098114 0.110189 0.097357 0.096610 0.100379 0.101885 0.092074 0.089810 0.109432 0.104149 
Document::25
0.091345 0.062521 0.074048 0.069602 0.260430 0.081801 0.081075 0.085477 0.098665 0.095036 
0.102729 0.123951 0.105521 0.097937 0.093836 0.095209 0.104117 0.083556 0.091087 0.102056 
0.098113 0.110188 0.097359 0.096604 0.100378 0.101886 0.092076 0.089812 0.109433 0.104151 
Document::26
0.079767 0.063318 0.079238 0.061994 0.263748 0.078596 0.077861 0.078072 0.112664 0.104741 
0.102721 0.123953 0.105493 0.097951 0.093830 0.095202 0.104089 0.083571 0.091154 0.102038 
0.098113 0.110188 0.097359 0.096604 0.100378 0.101886 0.092076 0.089812 0.109433 0.104151 
Document::27
0.070376 0.066715 0.078241 0.065408 0.277205 0.090189 0.072688 0.072896 0.090278 0.116005 
0.102742 0.123954 0.105471 0.097971 0.093828 0.095211 0.104098 0.083558 0.091089 0.102079 
0.098113 0.110188 0.097359 0.096604 0.100378 0.101886 0.092076 0.089812 0.109433 0.104151 
Document::28
0.073457 0.069636 0.081666 0.059516 0.254320 0.085382 0.084624 0.080464 0.107361 0.103573 
0.102733 0.123977 0.105474 0.097941 0.093830 0.095223 0.104100 0.083559 0.091091 0.102071 
0.098115 0.110185 0.097361 0.096601 0.100377 0.101886 0.092073 0.089809 0.109430 0.104163 
Document::29
0.098005 0.064135 0.080261 0.067096 0.249944 0.096819 0.087470 0.074777 0.088306 0.093187 
0.102737 0.123949 0.105498 0.097935 0.093824 0.095207 0.104115 0.083554 0.091085 0.102095 
0.098113 0.110188 0.097359 0.096604 0.100378 0.101886 0.092076 0.089812 0.109433 0.104151 
Document::30
0.080264 0.060492 0.067586 0.055169 0.308783 0.087261 0.086559 0.066472 0.091405 0.096009 
0.102740 0.123964 0.105480 0.097947 0.093836 0.095208 0.104107 0.083565 0.091097 0.102056 
0.098113 0.110188 0.097359 0.096604 0.100378 0.101886 0.092076 0.089812 0.109433 0.104151 
Document::31
0.095763 0.087528 0.077629 0.059778 0.229059 0.085757 0.093789 0.080818 0.099040 0.090839 
0.102731 0.123964 0.105471 0.097971 0.093828 0.095211 0.104109 0.083568 0.091089 0.102058 
0.098113 0.110187 0.097361 0.096603 0.100377 0.101886 0.092075 0.089811 0.109433 0.104153 
Document::32
0.077741 0.066450 0.065461 0.061295 0.283354 0.088448 0.083837 0.099753 0.092461 0.081200 
0.102753 0.123955 0.105483 0.097961 0.093829 0.095201 0.104110 0.083569 0.091090 0.102049 
0.098113 0.110188 0.097359 0.096604 0.100378 0.101886 0.092076 0.089812 0.109433 0.104151 
Document::33
0.074570 0.070909 0.074048 0.057020 0.268817 0.077607 0.089463 0.068702 0.098665 0.120199 
0.102738 0.123962 0.105478 0.097945 0.093834 0.095206 0.104105 0.083573 0.091095 0.102064 
0.098112 0.110190 0.097361 0.096603 0.100377 0.101886 0.092075 0.089811 0.109435 0.104150 
Document::34
0.080921 0.069169 0.068139 0.059712 0.274492 0.096157 0.083176 0.083379 0.092153 0.092703 
0.102753 0.123976 0.105473 0.097951 0.093829 0.095201 0.104099 0.083559 0.091090 0.102070 
0.098113 0.110188 0.097359 0.096604 0.100378 0.101886 0.092076 0.089812 0.109433 0.104151 
Document::35
0.077495 0.069332 0.081310 0.072332 0.235779 0.089368 0.097330 0.075755 0.102535 0.098764 
0.102728 0.123971 0.105479 0.097978 0.093825 0.095208 0.104095 0.083555 0.091086 0.102076 
0.098113 0.110188 0.097359 0.096604 0.100378 0.101886 0.092076 0.089812 0.109433 0.104151 
Document::36
0.086968 0.059526 0.070500 0.078245 0.267916 0.081874 0.081183 0.073396 0.089945 0.110447 
0.102740 0.123964 0.105480 0.097947 0.093836 0.095208 0.104107 0.083565 0.091097 0.102056 
0.098115 0.110192 0.097358 0.096603 0.100379 0.101885 0.092075 0.089811 0.109432 0.104150 
Document::37
0.083307 0.075419 0.086994 0.061472 0.257315 0.090568 0.081417 0.073203 0.090658 0.099648 
0.102726 0.123947 0.105487 0.097966 0.093833 0.095216 0.104114 0.083564 0.091084 0.102063 
0.098113 0.110188 0.097359 0.096604 0.100378 0.101886 0.092076 0.089812 0.109433 0.104151 
Document::38
0.073643 0.070028 0.073128 0.064595 0.265477 0.084926 0.071785 0.084415 0.097439 0.114563 
0.102731 0.123964 0.105482 0.097950 0.093838 0.095200 0.104109 0.083589 0.091089 0.102048 
0.098113 0.110188 0.097359 0.096604 0.100378 0.101886 0.092076 0.089812 0.109433 0.104151 
Document::39
0.077834 0.078390 0.081666 0.059516 0.249943 0.081004 0.084624 0.084841 0.098607 0.103573 
0.102730 0.123974 0.105491 0.097949 0.093827 0.095210 0.104097 0.083557 0.091088 0.102078 
0.098113 0.110188 0.097359 0.096604 0.100378 0.101886 0.092076 0.089812 0.109433 0.104151 
Document::40
0.087353 0.074667 0.073556 0.060042 0.247734 0.094968 0.080956 0.094423 0.095062 0.091240 
0.102742 0.123954 0.105471 0.097950 0.093838 0.095221 0.104098 0.083558 0.091099 0.102068 
0.098112 0.110187 0.097360 0.096606 0.100379 0.101885 0.092075 0.089814 0.109432 0.104150 
Document::41
0.095343 0.082768 0.077289 0.063894 0.245565 0.089759 0.084624 0.071709 0.094229 0.094819 
0.102726 0.123947 0.105466 0.097955 0.093833 0.095206 0.104103 0.083574 0.091105 0.102084 
0.098113 0.110188 0.097359 0.096604 0.100378 0.101886 0.092076 0.089812 0.109433 0.104151 
Document::42
0.086211 0.078049 0.076952 0.063615 0.248854 0.093726 0.084255 0.075755 0.089460 0.103122 
0.102734 0.123968 0.105475 0.097963 0.093831 0.095203 0.104102 0.083571 0.091092 0.102061 
0.098113 0.110188 0.097359 0.096604 0.100378 0.101886 0.092076 0.089812 0.109433 0.104151 
Document::43
0.080591 0.072961 0.071936 0.059468 0.244854 0.107987 0.086911 0.083039 0.083629 0.108622 
0.102734 0.123958 0.105485 0.097953 0.093831 0.095224 0.104102 0.083560 0.091092 0.102061 
0.098117 0.110188 0.097359 0.096605 0.100376 0.101884 0.092077 0.089810 0.109436 0.104148 
Document::44
0.076469 0.077048 0.080459 0.066514 0.269307 0.079770 0.083538 0.074650 0.098094 0.094150 
0.102749 0.123981 0.105479 0.097957 0.093825 0.095208 0.104105 0.083555 0.091086 0.102055 
0.098113 0.110188 0.097359 0.096604 0.100378 0.101886 0.092076 0.089812 0.109433 0.104151 
Document::45
0.080107 0.067853 0.088107 0.066524 0.247812 0.087462 0.090989 0.086936 0.083287 0.100923 
0.102753 0.123966 0.105473 0.097940 0.093850 0.095201 0.104110 0.083559 0.091100 0.102049 
0.098112 0.110187 0.097358 0.096606 0.100377 0.101888 0.092075 0.089811 0.109432 0.104155 
Document::46
0.084051 0.080144 0.074543 0.074274 0.224209 0.091768 0.077567 0.077789 0.100813 0.114842 
0.102758 0.123967 0.105456 0.097935 0.093846 0.095207 0.104083 0.083577 0.091097 0.102074 
0.098113 0.110188 0.097359 0.096604 0.100378 0.101886 0.092076 0.089812 0.109433 0.104151 
Document::47
0.082080 0.077810 0.081471 0.066503 0.235263 0.085622 0.089667 0.080127 0.095508 0.105949 
0.102740 0.123974 0.105481 0.097938 0.093827 0.095210 0.104108 0.083588 0.091088 0.102047 
0.098109 0.110194 0.097355 0.096608 0.100374 0.101904 0.092070 0.089809 0.109429 0.104149 
Document::48
0.089669 0.071178 0.084300 0.064915 0.234421 0.088353 0.087526 0.078214 0.098003 0.103420 
0.102791 0.123970 0.105469 0.097927 0.093827 0.095230 0.104096 0.083579 0.091078 0.102035 
0.098114 0.110185 0.097359 0.096605 0.100373 0.101900 0.092074 0.089810 0.109431 0.104148 
Document::49
0.080294 0.067321 0.084248 0.065913 0.235265 0.092596 0.082783 0.078492 0.110755 0.102332 
0.102728 0.123950 0.105510 0.097957 0.093846 0.095208 0.104095 0.083555 0.091097 0.102055 
0.098115 0.110187 0.097355 0.096608 0.100377 0.101888 0.092072 0.089808 0.109440 0.104149 
Document::50
0.087172 0.069196 0.091235 0.067749 0.223251 0.081251 0.094372 0.080678 0.099915 0.105181 
0.102751 0.123953 0.105491 0.097949 0.093837 0.095199 0.104097 0.083567 0.091099 0.102057 
0.098117 0.110183 0.097360 0.096602 0.100376 0.101887 0.092077 0.089818 0.109428 0.104151 
Document::51
0.089243 0.070840 0.088651 0.069359 0.228555 0.083181 0.082359 0.082595 0.102289 0.102929 
0.102752 0.123951 0.105471 0.097950 0.093829 0.095201 0.104098 0.083549 0.091111 0.102089 
0.098115 0.110184 0.097355 0.096608 0.100374 0.101888 0.092075 0.089816 0.109437 0.104149 
Document::52
0.079740 0.075592 0.083900 0.069359 0.214300 0.087933 0.091862 0.096850 0.102289 0.098177 
0.102726 0.123958 0.105518 0.097934 0.093854 0.095216 0.104103 0.083564 0.091084 0.102042 
0.098108 0.110190 0.097354 0.096612 0.100381 0.101884 0.092071 0.089810 0.109439 0.104151 
Document::53
0.077529 0.068876 0.081574 0.076676 0.226840 0.085495 0.080076 0.103405 0.094833 0.104695 
0.102743 0.123944 0.105494 0.097931 0.093841 0.095203 0.104121 0.083561 0.091092 0.102070 
0.098110 0.110187 0.097364 0.096601 0.100377 0.101889 0.092073 0.089809 0.109441 0.104147 
Document::54
0.076819 0.072823 0.080827 0.071396 0.211029 0.080135 0.088498 0.107036 0.107698 0.103737 
0.102754 0.123944 0.105494 0.097931 0.093841 0.095203 0.104121 0.083561 0.091102 0.102049 
0.098113 0.110188 0.097359 0.096604 0.100378 0.101886 0.092076 0.089812 0.109433 0.104151 
Document::55
0.080120 0.071178 0.093849 0.064915 0.224872 0.083578 0.097075 0.082989 0.098003 0.103420 
0.102726 0.123958 0.105487 0.097955 0.093854 0.095206 0.104103 0.083553 0.091084 0.102074 
0.098118 0.110184 0.097353 0.096599 0.100380 0.101889 0.092074 0.089812 0.109432 0.104158 
Document::56
0.082891 0.073639 0.082275 0.072099 0.222768 0.086468 0.085613 0.080919 0.106331 0.106996 
0.102759 0.123997 0.105457 0.097926 0.093837 0.095188 0.104157 0.083538 0.091098 0.102044 
0.098114 0.110186 0.097360 0.096602 0.100379 0.101887 0.092074 0.089810 0.109432 0.104154 
Document::57
0.084561 0.075123 0.083934 0.068514 0.227258 0.088211 0.087339 0.082550 0.098396 0.104114 
0.102746 0.123970 0.105476 0.097943 0.093832 0.095215 0.104113 0.083561 0.091093 0.102052 
0.098116 0.110185 0.097356 0.096604 0.100380 0.101881 0.092073 0.089815 0.109430 0.104161 
Document::58
0.084561 0.075123 0.083934 0.068514 0.227258 0.088211 0.087339 0.082550 0.098396 0.104114 
0.102747 0.123968 0.105476 0.097945 0.093844 0.095195 0.104103 0.083553 0.091105 0.102063 
0.098122 0.110185 0.097364 0.096599 0.100375 0.101881 0.092071 0.089816 0.109428 0.104159 
Document::59
0.084561 0.075123 0.083934 0.068514 0.227258 0.088211 0.087339 0.082550 0.098396 0.104114 
0.102744 0.123976 0.105474 0.097953 0.093832 0.095193 0.104122 0.083562 0.091093 0.102051 
0.098116 0.110190 0.097356 0.096599 0.100380 0.101886 0.092074 0.089810 0.109436 0.104153 
Document::60
0.085713 0.071864 0.080292 0.065541 0.227040 0.084384 0.093191 0.078969 0.098948 0.114058 
0.102744 0.123966 0.105505 0.097932 0.093842 0.095204 0.104091 0.083583 0.091093 0.102040 
0.098113 0.110187 0.097361 0.096601 0.100386 0.101884 0.092074 0.089810 0.109430 0.104153 
Document::61
0.084561 0.075123 0.083934 0.068514 0.227258 0.088211 0.087339 0.082550 0.098396 0.104114 
0.102728 0.123946 0.105468 0.097948 0.093879 0.095230 0.104106 0.083570 0.091079 0.102045 
0.098110 0.110187 0.097358 0.096603 0.100382 0.101891 0.092078 0.089809 0.109430 0.104152 
Document::62
0.084561 0.075123 0.083934 0.068514 0.227258 0.088211 0.087339 0.082550 0.098396 0.104114 
0.102725 0.123953 0.105486 0.097935 0.093887 0.095207 0.104082 0.083588 0.091107 0.102031 
0.098109 0.110194 0.097363 0.096605 0.100379 0.101887 0.092072 0.089811 0.109429 0.104152 
Document::63
0.087172 0.073837 0.086594 0.081673 0.209326 0.081251 0.089730 0.094602 0.099915 0.095898 
0.102738 0.123950 0.105499 0.097957 0.093846 0.095218 0.104105 0.083555 0.091086 0.102044 
0.098115 0.110184 0.097358 0.096601 0.100382 0.101886 0.092075 0.089811 0.109438 0.104150 
Document::64
0.082483 0.073277 0.081871 0.066830 0.226588 0.090958 0.090108 0.080521 0.095978 0.111385 
0.102754 0.123964 0.105473 0.097952 0.093831 0.095223 0.104110 0.083551 0.091081 0.102060 
0.098115 0.110186 0.097363 0.096598 0.100382 0.101885 0.092075 0.089825 0.109426 0.104146 
Document::65
0.084561 0.075123 0.083934 0.068514 0.227258 0.088211 0.087339 0.082550 0.098396 0.104114 
0.102744 0.123976 0.105485 0.097943 0.093852 0.095204 0.104091 0.083552 0.091093 0.102061 
0.098120 0.110187 0.097355 0.096603 0.100385 0.101885 0.092075 0.089811 0.109429 0.104149 
Document::66
0.084561 0.075123 0.083934 0.068514 0.227258 0.088211 0.087339 0.082550 0.098396 0.104114 
0.102754 0.123975 0.105473 0.097962 0.093820 0.095192 0.104090 0.083572 0.091102 0.102060 
0.098115 0.110186 0.097355 0.096605 0.100379 0.101882 0.092080 0.089814 0.109432 0.104152 
