d_0 0.997785 0.001107 0.001107 
d_1 0.538304 0.461440 0.000256 
d_2 0.577615 0.422163 0.000222 
d_3 0.509334 0.245333 0.245333 
d_4 0.414575 0.365830 0.219595 
d_5 0.285748 0.523674 0.190578 
d_6 0.633926 0.243968 0.122106 
d_7 0.271218 0.491445 0.237337 
d_8 0.042739 0.297895 0.659366 
d_9 0.422973 0.576642 0.000384 
d_10 0.111217 0.888624 0.000159 
d_11 0.188761 0.490477 0.320762 
d_12 0.266711 0.533200 0.200089 
d_13 0.372066 0.372066 0.255868 
d_14 0.444383 0.518416 0.037202 
d_15 0.745230 0.254588 0.000182 
d_16 0.250057 0.704293 0.045651 
d_17 0.603309 0.293124 0.103567 
d_18 0.263195 0.736630 0.000175 
d_19 0.586791 0.000217 0.412992 
d_20 0.406216 0.109480 0.484304 
d_21 0.421006 0.000175 0.578818 
d_22 0.446368 0.000178 0.553454 
d_23 0.460476 0.000132 0.539392 
d_24 0.484711 0.000303 0.514986 
d_25 0.490823 0.000182 0.508995 
d_26 0.561284 0.087849 0.350868 
d_27 0.347817 0.000217 0.651966 
d_28 0.250057 0.000227 0.749716 
d_29 0.363616 0.000227 0.636157 
d_30 0.263269 0.000525 0.736206 
