Document::0
0.094389 0.091006 0.097131 0.089137 0.094361 0.105749 0.146007 0.087302 0.110951 0.083966 
0.101740 0.101741 0.093708 0.078984 0.107094 0.111111 0.103078 0.113788 0.104418 0.084338 
0.082994 0.103402 0.096599 0.085715 0.102040 0.141493 0.088437 0.095239 0.102042 0.102040 
Document::1
0.098121 0.107820 0.087814 0.114653 0.089489 0.095987 0.134166 0.087097 0.105223 0.079631 
0.101738 0.101744 0.093709 0.078985 0.107089 0.111113 0.103081 0.113790 0.104413 0.084337 
0.082994 0.103402 0.096599 0.085715 0.102040 0.141493 0.088437 0.095239 0.102042 0.102040 
Document::2
0.100266 0.088702 0.098600 0.103814 0.087605 0.089754 0.143976 0.089475 0.111431 0.086378 
0.101746 0.101744 0.093704 0.078988 0.107091 0.111111 0.103081 0.113787 0.104413 0.084337 
0.082994 0.103402 0.096599 0.085715 0.102040 0.141493 0.088437 0.095239 0.102042 0.102040 
Document::3
0.099846 0.096718 0.089798 0.082408 0.087237 0.097766 0.139178 0.089099 0.136128 0.081821 
0.101739 0.101743 0.093705 0.078981 0.107093 0.111120 0.103077 0.113789 0.104417 0.084335 
0.082990 0.103397 0.096609 0.085710 0.102042 0.141486 0.088440 0.095241 0.102044 0.102039 
Document::4
0.095461 0.087819 0.089352 0.103527 0.091056 0.102046 0.140893 0.093000 0.120199 0.076647 
0.101736 0.101742 0.093713 0.078989 0.107090 0.111117 0.103074 0.113789 0.104414 0.084338 
0.082995 0.103398 0.096611 0.085712 0.102036 0.141492 0.088442 0.095239 0.102038 0.102037 
Document::5
0.106549 0.085308 0.095827 0.101368 0.093094 0.099854 0.135094 0.081654 0.122889 0.078363 
0.101740 0.101748 0.093708 0.078982 0.107088 0.111120 0.103078 0.113784 0.104417 0.084336 
0.083007 0.103403 0.096596 0.085712 0.102037 0.141488 0.088438 0.095240 0.102042 0.102037 
Document::6
0.096054 0.084490 0.090177 0.082755 0.096029 0.102389 0.143976 0.089475 0.132490 0.082166 
0.101738 0.101741 0.093706 0.078982 0.107094 0.111126 0.103076 0.113785 0.104415 0.084339 
0.082993 0.103404 0.096605 0.085713 0.102042 0.141490 0.088435 0.095241 0.102040 0.102038 
Document::7
0.109072 0.092602 0.098539 0.090791 0.091457 0.098097 0.128321 0.084615 0.116330 0.090176 
0.101738 0.101743 0.093704 0.078981 0.107096 0.111110 0.103076 0.113795 0.104418 0.084340 
0.082994 0.103404 0.096594 0.085710 0.102038 0.141496 0.088447 0.095241 0.102036 0.102039 
Document::8
0.097485 0.093991 0.095632 0.092061 0.097456 0.099847 0.136739 0.085480 0.119276 0.082034 
0.101737 0.101740 0.093708 0.078981 0.107093 0.111115 0.103080 0.113789 0.104422 0.084338 
0.082989 0.103394 0.096614 0.085705 0.102043 0.141510 0.088449 0.095228 0.102037 0.102032 
Document::9
0.120516 0.094684 0.096258 0.088336 0.093513 0.100303 0.135702 0.082021 0.109953 0.078715 
0.101736 0.101737 0.093710 0.078983 0.107092 0.111112 0.103077 0.113794 0.104421 0.084338 
0.082994 0.103402 0.096599 0.085715 0.102040 0.141493 0.088437 0.095239 0.102042 0.102040 
Document::10
0.108988 0.087261 0.093442 0.089954 0.095225 0.102139 0.138187 0.088101 0.116545 0.080157 
0.101739 0.101734 0.093718 0.078988 0.107081 0.111105 0.103097 0.113787 0.104410 0.084342 
0.082994 0.103402 0.096599 0.085715 0.102040 0.141493 0.088437 0.095239 0.102042 0.102040 
Document::11
0.093963 0.086079 0.101209 0.106800 0.093935 0.096239 0.136315 0.086908 0.119482 0.079071 
0.101746 0.101739 0.093710 0.078981 0.107092 0.111114 0.103087 0.113783 0.104413 0.084335 
0.082997 0.103406 0.096604 0.085713 0.102041 0.141484 0.088439 0.095233 0.102043 0.102041 
Document::12
0.097597 0.085308 0.100303 0.092416 0.097570 0.104329 0.144046 0.090605 0.109461 0.078363 
0.101744 0.101750 0.093708 0.078984 0.107090 0.111106 0.103082 0.113783 0.104414 0.084338 
0.082999 0.103398 0.096600 0.085715 0.102040 0.141488 0.088434 0.095239 0.102049 0.102037 
Document::13
0.091484 0.083808 0.094142 0.099585 0.109045 0.093700 0.150307 0.089012 0.107536 0.081382 
0.101739 0.101742 0.093705 0.078986 0.107097 0.111109 0.103077 0.113786 0.104419 0.084342 
0.082995 0.103409 0.096595 0.085711 0.102039 0.141487 0.088433 0.095238 0.102056 0.102036 
Document::14
0.096870 0.080960 0.095190 0.087706 0.092597 0.103259 0.136704 0.098730 0.120872 0.087111 
0.101743 0.101739 0.093709 0.078983 0.107096 0.111103 0.103073 0.113782 0.104428 0.084342 
0.082994 0.103401 0.096598 0.085714 0.102039 0.141492 0.088436 0.095242 0.102045 0.102039 
Document::15
0.082423 0.095316 0.104626 0.077837 0.094284 0.104228 0.167113 0.088119 0.104809 0.081245 
0.101737 0.101737 0.093710 0.078986 0.107105 0.111107 0.103075 0.113784 0.104424 0.084335 
0.082994 0.103402 0.096599 0.085715 0.102040 0.141493 0.088437 0.095239 0.102042 0.102040 
Document::16
0.098036 0.094684 0.096258 0.088336 0.098009 0.095807 0.144694 0.082021 0.118945 0.083211 
0.101735 0.101733 0.093714 0.078983 0.107106 0.111112 0.103073 0.113784 0.104425 0.084337 
0.082994 0.103401 0.096598 0.085714 0.102039 0.141492 0.088440 0.095242 0.102041 0.102039 
Document::17
0.108778 0.085462 0.090941 0.095965 0.088463 0.098650 0.163066 0.082149 0.107361 0.079165 
0.101749 0.101739 0.093709 0.078980 0.107097 0.111111 0.103079 0.113788 0.104413 0.084334 
0.082993 0.103407 0.096597 0.085716 0.102038 0.141490 0.088435 0.095240 0.102043 0.102042 
Document::18
0.100721 0.084178 0.090141 0.086775 0.096277 0.107364 0.142137 0.084989 0.121260 0.086157 
0.101747 0.101740 0.093698 0.078986 0.107100 0.111101 0.103075 0.113781 0.104427 0.084345 
0.082994 0.103402 0.096599 0.085715 0.102040 0.141493 0.088437 0.095239 0.102042 0.102040 
Document::19
0.095651 0.092524 0.085604 0.082408 0.112403 0.101960 0.147566 0.084905 0.110963 0.086015 
0.101740 0.101741 0.093708 0.078984 0.107094 0.111111 0.103078 0.113788 0.104418 0.084338 
0.082996 0.103406 0.096603 0.085712 0.102044 0.141486 0.088435 0.095239 0.102042 0.102037 
Document::20
0.108690 0.084490 0.107024 0.086967 0.096029 0.093966 0.131340 0.076839 0.111431 0.103225 
0.101741 0.101739 0.093707 0.078985 0.107097 0.111109 0.103082 0.113786 0.104416 0.084339 
0.082985 0.103412 0.096607 0.085727 0.102050 0.141480 0.088431 0.095228 0.102045 0.102036 
Document::21
0.092623 0.080960 0.090943 0.091953 0.113835 0.094764 0.128208 0.085987 0.133615 0.087111 
0.101740 0.101741 0.093708 0.078984 0.107094 0.111111 0.103078 0.113788 0.104418 0.084338 
0.082992 0.103389 0.096591 0.085726 0.102035 0.141501 0.088437 0.095234 0.102037 0.102057 
Document::22
0.088001 0.084847 0.086328 0.087335 0.126042 0.107052 0.136126 0.077164 0.111902 0.095202 
0.101740 0.101741 0.093708 0.078984 0.107094 0.111111 0.103078 0.113788 0.104418 0.084338 
0.082989 0.103397 0.096599 0.085720 0.102043 0.141502 0.088431 0.095235 0.102045 0.102039 
Document::23
0.096604 0.081404 0.107173 0.100023 0.116870 0.094592 0.126543 0.078091 0.123593 0.075107 
0.101740 0.101741 0.093708 0.078984 0.107094 0.111111 0.103078 0.113788 0.104418 0.084338 
0.082997 0.103397 0.096588 0.085709 0.102058 0.141493 0.088438 0.095254 0.102034 0.102032 
Document::24
0.113469 0.088205 0.089745 0.090791 0.095854 0.111289 0.137115 0.080218 0.111933 0.081382 
0.101740 0.101741 0.093708 0.078984 0.107094 0.111111 0.103078 0.113788 0.104418 0.084338 
0.082989 0.103395 0.096597 0.085724 0.102033 0.141514 0.088435 0.095233 0.102043 0.102037 
Document::25
0.108234 0.084136 0.106575 0.082408 0.099820 0.110348 0.126595 0.076517 0.106769 0.098598 
0.101740 0.101741 0.093708 0.078984 0.107094 0.111111 0.103078 0.113788 0.104418 0.084338 
0.082993 0.103399 0.096589 0.085706 0.102044 0.141523 0.088432 0.095229 0.102042 0.102044 
Document::26
0.093687 0.107056 0.096170 0.080715 0.097770 0.095758 0.123995 0.091377 0.121008 0.092465 
0.101739 0.101739 0.093707 0.078983 0.107095 0.111109 0.103080 0.113791 0.104419 0.084337 
0.082992 0.103405 0.096596 0.085712 0.102040 0.141497 0.088434 0.095235 0.102038 0.102051 
Document::27
0.095881 0.105793 0.102936 0.090791 0.104648 0.102494 0.132718 0.080218 0.107536 0.076984 
0.101740 0.101741 0.093708 0.078984 0.107094 0.111111 0.103078 0.113788 0.104418 0.084338 
0.082996 0.103401 0.096588 0.085716 0.102036 0.141507 0.088446 0.095235 0.102038 0.102036 
Document::28
0.098036 0.090188 0.096258 0.101824 0.098009 0.100303 0.135702 0.082021 0.118945 0.078715 
0.101740 0.101741 0.093708 0.078984 0.107094 0.111111 0.103078 0.113788 0.104418 0.084338 
0.082995 0.103393 0.096591 0.085711 0.102046 0.141498 0.088434 0.095246 0.102040 0.102046 
Document::29
0.100278 0.083808 0.094142 0.086394 0.100251 0.102494 0.150307 0.080218 0.125124 0.076984 
0.101740 0.101741 0.093708 0.078984 0.107094 0.111111 0.103078 0.113788 0.104418 0.084338 
0.082997 0.103406 0.096589 0.085706 0.102044 0.141497 0.088428 0.095240 0.102050 0.102044 
Document::30
0.096133 0.088068 0.098927 0.095406 0.096105 0.103083 0.139464 0.084295 0.117622 0.080897 
0.101740 0.101741 0.093708 0.078984 0.107094 0.111111 0.103078 0.113788 0.104418 0.084338 
0.082990 0.103396 0.096598 0.085714 0.102035 0.141493 0.088436 0.095234 0.102051 0.102053 
