d_0 0.997785 0.001107 0.001107 
d_1 0.666410 0.333333 0.000256 
d_2 0.533200 0.466578 0.000222 
d_3 0.396191 0.471620 0.132189 
d_4 0.536437 0.317085 0.146478 
d_5 0.333333 0.523674 0.142993 
d_6 0.585182 0.268340 0.146478 
d_7 0.237337 0.508386 0.254277 
d_8 0.000213 0.638103 0.361684 
d_9 0.691894 0.307722 0.000384 
d_10 0.095351 0.904490 0.000159 
d_11 0.264190 0.396191 0.339619 
d_12 0.355541 0.444370 0.200089 
d_13 0.488264 0.325587 0.186149 
d_14 0.370350 0.573940 0.055710 
d_15 0.599855 0.399964 0.000182 
d_16 0.181921 0.727004 0.091074 
d_17 0.534379 0.396519 0.069102 
d_18 0.350868 0.648957 0.000175 
d_19 0.434716 0.108842 0.456441 
d_20 0.468687 0.109480 0.421834 
d_21 0.438541 0.000175 0.561284 
d_22 0.499911 0.053721 0.446368 
d_23 0.486782 0.000132 0.513087 
d_24 0.514986 0.000303 0.484711 
d_25 0.454479 0.000182 0.545339 
d_26 0.508680 0.157987 0.333333 
d_27 0.282642 0.000217 0.717141 
d_28 0.340904 0.000227 0.658869 
d_29 0.340904 0.000227 0.658869 
d_30 0.158171 0.158171 0.683657 
