Document::0
0.093040 0.103777 0.076377 0.084525 0.109299 0.088590 0.152512 0.093999 0.099845 0.098037 
0.108213 0.099089 0.088658 0.076926 0.113426 0.101695 0.108212 0.114731 0.106910 0.082139 
0.088158 0.092289 0.089534 0.100549 0.115699 0.144617 0.082649 0.093666 0.093668 0.099172 
Document::1
0.082965 0.118019 0.087216 0.132701 0.084723 0.078996 0.135996 0.090190 0.101772 0.087420 
0.108211 0.099092 0.088663 0.076926 0.113424 0.101698 0.108216 0.114728 0.106908 0.082134 
0.088158 0.092289 0.089534 0.100549 0.115699 0.144617 0.082649 0.093666 0.093668 0.099172 
Document::2
0.084035 0.093734 0.088342 0.115057 0.085816 0.086468 0.163560 0.104258 0.096634 0.082096 
0.108211 0.099093 0.088659 0.076923 0.113430 0.101694 0.108206 0.114734 0.106920 0.082130 
0.088158 0.092289 0.089534 0.100549 0.115699 0.144617 0.082649 0.093666 0.093668 0.099172 
Document::3
0.085694 0.102163 0.070347 0.077852 0.087510 0.101333 0.147050 0.099736 0.138017 0.090296 
0.108225 0.099097 0.088647 0.076921 0.113412 0.101707 0.108214 0.114742 0.106907 0.082129 
0.088151 0.092281 0.089550 0.100553 0.115701 0.144605 0.082643 0.093670 0.093672 0.099175 
Document::4
0.078598 0.101495 0.069887 0.103489 0.086938 0.087598 0.152625 0.112157 0.124042 0.083170 
0.108205 0.099092 0.088668 0.076931 0.113419 0.101703 0.108205 0.114728 0.106903 0.082144 
0.088186 0.092282 0.089528 0.100542 0.115691 0.144618 0.082655 0.093671 0.093661 0.099165 
Document::5
0.096729 0.113993 0.080640 0.102302 0.091735 0.085535 0.133458 0.090758 0.117093 0.087759 
0.108200 0.099103 0.088664 0.076922 0.113413 0.101709 0.108205 0.114728 0.106919 0.082135 
0.088186 0.092282 0.089528 0.100554 0.115691 0.144607 0.082644 0.093659 0.093673 0.099176 
Document::6
0.090488 0.087282 0.068985 0.076345 0.111625 0.099372 0.144203 0.097806 0.135346 0.088549 
0.108206 0.099093 0.088653 0.076927 0.113430 0.101715 0.108211 0.114724 0.106904 0.082135 
0.088163 0.092282 0.089574 0.100542 0.115691 0.144607 0.082644 0.093671 0.093661 0.099165 
Document::7
0.110523 0.107096 0.080640 0.088508 0.091735 0.092432 0.126561 0.083860 0.110196 0.108450 
0.108217 0.099089 0.088660 0.076919 0.113409 0.101700 0.108201 0.114760 0.106904 0.082142 
0.088143 0.092330 0.089553 0.100544 0.115690 0.144615 0.082647 0.093673 0.093652 0.099154 
Document::8
0.091798 0.103273 0.081625 0.090333 0.101540 0.094676 0.140088 0.092823 0.106705 0.097138 
0.108196 0.099089 0.088665 0.076914 0.113419 0.101689 0.108216 0.114755 0.106920 0.082137 
0.088152 0.092282 0.089585 0.100530 0.115676 0.144657 0.082633 0.093659 0.093661 0.099164 
Document::9
0.141115 0.097508 0.085187 0.079420 0.102696 0.089950 0.136587 0.088321 0.093813 0.085403 
0.108208 0.099085 0.088670 0.076923 0.113422 0.101690 0.108208 0.114742 0.106916 0.082136 
0.088158 0.092289 0.089534 0.100549 0.115699 0.144617 0.082649 0.093666 0.093668 0.099172 
Document::10
0.102377 0.113350 0.078050 0.086377 0.097092 0.090530 0.133952 0.103358 0.102031 0.092884 
0.108222 0.099070 0.088663 0.076914 0.113434 0.101706 0.108238 0.114723 0.106894 0.082136 
0.088158 0.092289 0.089534 0.100549 0.115699 0.144617 0.082649 0.093666 0.093668 0.099172 
Document::11
0.089831 0.093301 0.087537 0.109199 0.091735 0.092432 0.133458 0.097655 0.110196 0.094656 
0.108222 0.099083 0.088670 0.076928 0.113414 0.101689 0.108227 0.114718 0.106914 0.082135 
0.088140 0.092293 0.089516 0.100540 0.115732 0.144610 0.082667 0.093658 0.093683 0.099163 
Document::12
0.095412 0.105638 0.086346 0.087303 0.097290 0.097977 0.152052 0.082719 0.095090 0.100171 
0.108217 0.099110 0.088654 0.076923 0.113420 0.101684 0.108227 0.114724 0.106905 0.082136 
0.088172 0.092279 0.089536 0.100550 0.115698 0.144613 0.082641 0.093668 0.093681 0.099161 
Document::13
0.085694 0.095584 0.070347 0.097590 0.120407 0.094754 0.160209 0.079998 0.105120 0.090296 
0.108210 0.099087 0.088657 0.076920 0.113423 0.101692 0.108205 0.114738 0.106929 0.082138 
0.088161 0.092303 0.089549 0.100540 0.115700 0.144604 0.082642 0.093657 0.093682 0.099162 
Document::14
0.079639 0.109463 0.084059 0.084991 0.094713 0.095382 0.148024 0.100397 0.099194 0.104140 
0.108232 0.099088 0.088649 0.076924 0.113434 0.101689 0.108200 0.114718 0.106930 0.082136 
0.088155 0.092297 0.089531 0.100546 0.115695 0.144612 0.082647 0.093674 0.093676 0.099168 
Document::15
0.085521 0.125177 0.065199 0.084351 0.093303 0.100016 0.172877 0.098536 0.091330 0.083689 
0.108211 0.099082 0.088654 0.076928 0.113439 0.101688 0.108221 0.114733 0.106914 0.082130 
0.088158 0.092289 0.089534 0.100549 0.115699 0.144617 0.082649 0.093666 0.093668 0.099172 
Document::16
0.086515 0.104524 0.084122 0.085134 0.102890 0.089227 0.167998 0.087481 0.100563 0.091547 
0.108200 0.099077 0.088659 0.076934 0.113449 0.101678 0.108210 0.114733 0.106903 0.082157 
0.088154 0.092284 0.089542 0.100545 0.115693 0.144622 0.082646 0.093684 0.093664 0.099167 
Document::17
0.080404 0.089683 0.096871 0.091566 0.088281 0.088905 0.162665 0.093579 0.117151 0.090895 
0.108226 0.099082 0.088648 0.076933 0.113434 0.101688 0.108205 0.114738 0.106903 0.082145 
0.088165 0.092307 0.089530 0.100545 0.115693 0.144610 0.082646 0.093662 0.093675 0.099167 
Document::18
0.079639 0.089594 0.070813 0.091614 0.094713 0.121874 0.148024 0.087151 0.112440 0.104140 
0.108218 0.099085 0.088641 0.076932 0.113446 0.101696 0.108207 0.114725 0.106895 0.082155 
0.088158 0.092289 0.089534 0.100549 0.115699 0.144617 0.082649 0.093666 0.093668 0.099172 
Document::19
0.079639 0.096217 0.077436 0.078368 0.127828 0.102005 0.148024 0.093774 0.092571 0.104140 
0.108210 0.099086 0.088656 0.076924 0.113439 0.101692 0.108215 0.114733 0.106908 0.082137 
0.088148 0.092301 0.089524 0.100560 0.115717 0.144616 0.082664 0.093643 0.093668 0.099159 
Document::20
0.105750 0.084029 0.078837 0.073500 0.082618 0.089457 0.126406 0.081738 0.093032 0.184634 
0.108214 0.099095 0.088655 0.076923 0.113422 0.101696 0.108219 0.114727 0.106912 0.082136 
0.088142 0.092294 0.089552 0.100598 0.115720 0.144584 0.082647 0.093671 0.093650 0.099141 
Document::21
0.083497 0.112365 0.068543 0.075856 0.123730 0.079503 0.136868 0.077947 0.134478 0.107213 
0.108213 0.099089 0.088658 0.076926 0.113426 0.101695 0.108212 0.114731 0.106910 0.082139 
0.088137 0.092255 0.089547 0.100593 0.115691 0.144598 0.082653 0.093654 0.093634 0.099238 
Document::22
0.088211 0.103955 0.067250 0.087004 0.140265 0.096872 0.121706 0.082766 0.106782 0.105190 
0.108216 0.099087 0.088657 0.076925 0.113425 0.101693 0.108221 0.114729 0.106909 0.082138 
0.088133 0.092262 0.089509 0.100589 0.115711 0.144667 0.082649 0.093639 0.093652 0.099189 
Document::23
0.077532 0.098386 0.105316 0.094248 0.126798 0.079777 0.127091 0.090237 0.112967 0.087649 
0.108213 0.099089 0.088658 0.076926 0.113426 0.101695 0.108212 0.114731 0.106910 0.082139 
0.088153 0.092282 0.089506 0.100527 0.115739 0.144632 0.082658 0.093693 0.093649 0.099162 
Document::24
0.101525 0.104925 0.072248 0.079956 0.096633 0.117587 0.144267 0.102432 0.094447 0.085980 
0.108213 0.099089 0.088658 0.076926 0.113426 0.101695 0.108212 0.114731 0.106910 0.082139 
0.088142 0.092272 0.089541 0.100565 0.115677 0.144670 0.082634 0.093660 0.093662 0.099176 
Document::25
0.102729 0.093133 0.087775 0.075856 0.110909 0.105146 0.136868 0.084358 0.089603 0.113624 
0.108213 0.099089 0.088658 0.076926 0.113426 0.101695 0.108212 0.114731 0.106910 0.082139 
0.088185 0.092280 0.089515 0.100515 0.115705 0.144693 0.082632 0.093634 0.093670 0.099172 
Document::26
0.087660 0.122056 0.085581 0.073959 0.108136 0.090016 0.145947 0.088499 0.106114 0.092032 
0.108213 0.099084 0.088654 0.076922 0.113442 0.101690 0.108213 0.114726 0.106921 0.082135 
0.088139 0.092314 0.089515 0.100539 0.115708 0.144620 0.082643 0.093657 0.093659 0.099207 
Document::27
0.090455 0.128674 0.088145 0.089122 0.106262 0.093074 0.127440 0.084443 0.097071 0.095313 
0.108213 0.099089 0.088658 0.076926 0.113426 0.101695 0.108212 0.114731 0.106910 0.082139 
0.088182 0.092288 0.089512 0.100534 0.115689 0.144654 0.082641 0.093688 0.093655 0.099157 
Document::28
0.089216 0.099512 0.073238 0.108451 0.091107 0.091799 0.132544 0.103836 0.116291 0.094007 
0.108213 0.099089 0.088658 0.076926 0.113426 0.101695 0.108212 0.114731 0.106910 0.082139 
0.088140 0.092258 0.089504 0.100550 0.115729 0.144592 0.082668 0.093692 0.093671 0.099196 
Document::29
0.082366 0.106362 0.080088 0.081052 0.111656 0.091799 0.146243 0.083286 0.123140 0.094007 
0.108213 0.099089 0.088658 0.076926 0.113426 0.101695 0.108212 0.114731 0.106910 0.082139 
0.088152 0.092315 0.089516 0.100539 0.115706 0.144626 0.082622 0.093669 0.093705 0.099150 
Document::30
0.097206 0.100961 0.079797 0.095774 0.099266 0.100020 0.136951 0.090745 0.104316 0.094963 
0.108216 0.099087 0.088657 0.076925 0.113430 0.101693 0.108211 0.114729 0.106914 0.082138 
0.088168 0.092275 0.089521 0.100546 0.115681 0.144630 0.082660 0.093652 0.093688 0.099180 
