d_0 0.554817 0.001107 0.444075 
d_1 0.589547 0.358955 0.051499 
d_2 0.533200 0.466578 0.000222 
d_3 0.320762 0.320762 0.358476 
d_4 0.414575 0.292713 0.292713 
d_5 0.309541 0.428503 0.261956 
d_6 0.487692 0.170851 0.341457 
d_7 0.254277 0.457564 0.288159 
d_8 0.021476 0.638103 0.340421 
d_9 0.499808 0.499808 0.000384 
d_10 0.206410 0.729970 0.063620 
d_11 0.320762 0.301905 0.377334 
d_12 0.244504 0.444370 0.311126 
d_13 0.441785 0.372066 0.186149 
d_14 0.296317 0.555432 0.148251 
d_15 0.599855 0.345448 0.054697 
d_16 0.227345 0.681581 0.091074 
d_17 0.517146 0.224194 0.258659 
d_18 0.315799 0.543749 0.140452 
d_19 0.499891 0.260917 0.239192 
d_20 0.343745 0.250039 0.406216 
d_21 0.385937 0.000175 0.613887 
d_22 0.446368 0.071569 0.482063 
d_23 0.460476 0.000132 0.539392 
d_24 0.393884 0.121405 0.484711 
d_25 0.545339 0.000182 0.454479 
d_26 0.561284 0.157987 0.280729 
d_27 0.282642 0.065392 0.651966 
d_28 0.431751 0.000227 0.568022 
d_29 0.363616 0.000227 0.636157 
d_30 0.158171 0.263269 0.578560 
