Document::0
0.112173 0.090274 0.091387 0.088137 0.096650 0.089193 0.165246 0.080560 0.104840 0.081540 
0.104531 0.099138 0.098150 0.082978 0.099872 0.083683 0.119481 0.100941 0.109236 0.101990 
0.084373 0.096610 0.109093 0.105355 0.110161 0.120134 0.095955 0.098271 0.082733 0.097314 
Document::1
0.086622 0.095020 0.070570 0.143988 0.087289 0.081531 0.152915 0.087519 0.106268 0.088276 
0.102347 0.106734 0.101100 0.091641 0.093283 0.087586 0.116311 0.098994 0.102029 0.099974 
0.085651 0.098073 0.110745 0.106951 0.111829 0.121953 0.082267 0.099759 0.083985 0.098788 
Document::2
0.085540 0.068840 0.094681 0.142189 0.086198 0.068016 0.175997 0.098922 0.104940 0.074676 
0.108203 0.103326 0.093310 0.079591 0.099428 0.093913 0.126283 0.095833 0.098771 0.101343 
0.086967 0.099580 0.104761 0.100908 0.113548 0.123828 0.083532 0.101292 0.085276 0.100306 
Document::3
0.093740 0.061744 0.076369 0.073653 0.080767 0.115619 0.165480 0.067322 0.197166 0.068141 
0.114860 0.105246 0.090397 0.081070 0.096629 0.081719 0.133276 0.097614 0.100607 0.098580 
0.075885 0.100305 0.131653 0.088049 0.105785 0.108048 0.086301 0.128626 0.087823 0.087524 
Document::4
0.080045 0.089133 0.076369 0.114736 0.080767 0.074536 0.138091 0.081016 0.183471 0.081835 
0.103321 0.102993 0.102062 0.092513 0.094170 0.083663 0.112661 0.099936 0.112514 0.096168 
0.100735 0.091171 0.124064 0.092387 0.103959 0.120408 0.090553 0.106813 0.078075 0.091836 
Document::5
0.084684 0.065323 0.109770 0.121385 0.085448 0.078856 0.131606 0.071223 0.179616 0.072089 
0.095829 0.123260 0.099229 0.076070 0.091557 0.085966 0.118784 0.101788 0.104767 0.102750 
0.108537 0.091817 0.110768 0.093041 0.104696 0.128349 0.084107 0.107570 0.078628 0.092486 
Document::6
0.103194 0.072462 0.073355 0.070747 0.090734 0.097903 0.158950 0.064665 0.189385 0.078606 
0.100965 0.100629 0.099675 0.089894 0.101338 0.090574 0.115406 0.097498 0.105509 0.098511 
0.085458 0.096845 0.143161 0.098044 0.102516 0.111797 0.075416 0.105331 0.076991 0.104440 
Document::7
0.138619 0.091643 0.092599 0.075727 0.083042 0.104795 0.099740 0.069218 0.132318 0.112299 
0.100880 0.091692 0.095264 0.073030 0.092339 0.086971 0.109597 0.124362 0.118341 0.107524 
0.083715 0.101668 0.106250 0.102843 0.100425 0.123114 0.087475 0.103182 0.089017 0.102310 
Document::8
0.102505 0.079069 0.115334 0.094319 0.103429 0.095450 0.124228 0.086211 0.112194 0.087260 
0.095172 0.090487 0.102775 0.085216 0.095507 0.081446 0.116920 0.118345 0.121167 0.092965 
0.077443 0.102364 0.134356 0.089857 0.101112 0.144491 0.081229 0.103889 0.075937 0.089321 
Document::9
0.186099 0.065323 0.095283 0.077922 0.085448 0.093343 0.131606 0.085711 0.092688 0.086577 
0.098097 0.097770 0.101578 0.082606 0.093725 0.083267 0.116862 0.104197 0.121451 0.100447 
0.086967 0.099580 0.104761 0.100908 0.113548 0.123828 0.083532 0.101292 0.085276 0.100306 
Document::10
0.099172 0.108786 0.080795 0.092409 0.085448 0.078856 0.102630 0.100199 0.150640 0.101065 
0.097126 0.100938 0.108326 0.075538 0.101534 0.076110 0.146113 0.098307 0.096849 0.099158 
0.084373 0.104067 0.124008 0.097898 0.110161 0.120134 0.081040 0.098271 0.082733 0.097314 
Document::11
0.093740 0.061744 0.090063 0.155819 0.080767 0.074536 0.097008 0.094710 0.142388 0.109223 
0.120065 0.096401 0.090819 0.081449 0.092412 0.082100 0.129230 0.093402 0.119750 0.094372 
0.088704 0.092974 0.097464 0.114112 0.111743 0.113991 0.092389 0.087795 0.100563 0.100266 
Document::12
0.102131 0.067272 0.083206 0.095167 0.087998 0.111049 0.195214 0.073349 0.095454 0.089161 
0.104116 0.094634 0.107485 0.079956 0.095301 0.080595 0.131444 0.096272 0.112972 0.097225 
0.092397 0.096845 0.101523 0.111924 0.109456 0.118737 0.075416 0.105331 0.097810 0.090561 
Document::13
0.104570 0.060098 0.074333 0.085019 0.171919 0.072549 0.161068 0.078856 0.111934 0.079653 
0.101392 0.096401 0.095487 0.090785 0.101749 0.077432 0.110557 0.098070 0.124418 0.103709 
0.081929 0.101053 0.105933 0.095063 0.128694 0.116655 0.078693 0.095424 0.102060 0.094496 
Document::14
0.081157 0.090371 0.091314 0.074676 0.109657 0.117224 0.153893 0.096025 0.102712 0.082971 
0.103935 0.099251 0.089630 0.098362 0.104270 0.077064 0.108157 0.092054 0.125549 0.101729 
0.089171 0.101053 0.098692 0.095063 0.114211 0.116655 0.085934 0.102666 0.102060 0.094496 
Document::15
0.076892 0.140511 0.085109 0.082882 0.088717 0.094839 0.180671 0.111387 0.083098 0.055894 
0.104595 0.095070 0.098772 0.080324 0.114155 0.085570 0.122841 0.096715 0.108888 0.093069 
0.092520 0.097336 0.102400 0.113660 0.110988 0.121037 0.081649 0.099009 0.083354 0.098045 
Document::16
0.103678 0.068291 0.099612 0.081462 0.119623 0.082439 0.167878 0.089606 0.096900 0.090511 
0.090790 0.086105 0.102775 0.080834 0.139326 0.077064 0.125684 0.092054 0.094876 0.110492 
0.091830 0.096610 0.101636 0.097898 0.110161 0.127592 0.081040 0.113185 0.082733 0.097314 
Document::17
0.079573 0.075663 0.076453 0.097397 0.115061 0.086522 0.186971 0.126897 0.074371 0.081093 
0.117036 0.093036 0.092109 0.082606 0.107928 0.078532 0.116862 0.113667 0.102512 0.095713 
0.084869 0.116854 0.107715 0.097368 0.101809 0.124811 0.081789 0.111497 0.076461 0.096829 
Document::18
0.105982 0.074420 0.088847 0.086167 0.106695 0.141076 0.136226 0.066412 0.113446 0.080729 
0.116570 0.103181 0.089239 0.080481 0.103816 0.076728 0.107685 0.096015 0.107550 0.118736 
0.081929 0.108294 0.105933 0.102304 0.106970 0.131137 0.085934 0.102666 0.080336 0.094496 
Document::19
0.086622 0.069711 0.095880 0.080715 0.163216 0.106840 0.127606 0.112828 0.080959 0.075621 
0.103321 0.098235 0.097304 0.082999 0.113199 0.083663 0.117418 0.099936 0.107757 0.096168 
0.087275 0.113079 0.103681 0.100129 0.125957 0.121262 0.084107 0.093396 0.078628 0.092486 
Document::20
0.151816 0.057788 0.122742 0.081750 0.075591 0.082576 0.129242 0.063008 0.081997 0.153491 
0.106060 0.101069 0.104824 0.081449 0.097080 0.077432 0.115225 0.093402 0.115081 0.108377 
0.078888 0.102213 0.106530 0.135351 0.120260 0.103203 0.076025 0.084421 0.090291 0.102818 
Document::21
0.113366 0.070604 0.109925 0.068933 0.165308 0.069760 0.090792 0.063008 0.171714 0.076591 
0.104531 0.099138 0.098150 0.082978 0.099872 0.083683 0.119481 0.100941 0.109236 0.101990 
0.080645 0.078470 0.088609 0.127972 0.113704 0.121805 0.065824 0.104047 0.067198 0.151726 
Document::22
0.109168 0.055648 0.081171 0.066381 0.208556 0.091861 0.112114 0.060675 0.115987 0.098439 
0.102463 0.097177 0.096209 0.081337 0.097896 0.082027 0.136899 0.098944 0.107075 0.099973 
0.072021 0.095197 0.086756 0.109027 0.113129 0.159835 0.081907 0.083883 0.089716 0.108529 
Document::23
0.097175 0.049534 0.160143 0.081061 0.174657 0.070783 0.099797 0.064995 0.125217 0.076638 
0.104531 0.099138 0.098150 0.082978 0.099872 0.083683 0.119481 0.100941 0.109236 0.101990 
0.089506 0.087407 0.085502 0.100106 0.138940 0.135068 0.075205 0.112087 0.094065 0.082115 
Document::24
0.128148 0.079811 0.095283 0.077922 0.099936 0.136807 0.117118 0.100199 0.092688 0.072089 
0.102463 0.102122 0.101154 0.086282 0.097896 0.082027 0.122063 0.098944 0.107075 0.099973 
0.077443 0.088675 0.100133 0.117236 0.101112 0.158180 0.081229 0.103889 0.082782 0.089321 
Document::25
0.149322 0.052413 0.146201 0.062523 0.138310 0.109771 0.105598 0.057148 0.085996 0.092717 
0.104531 0.099138 0.098150 0.082978 0.099872 0.083683 0.119481 0.100941 0.109236 0.101990 
0.079397 0.096424 0.094322 0.084643 0.114588 0.187686 0.070068 0.084965 0.077978 0.109928 
Document::26
0.100487 0.119386 0.097437 0.061102 0.135168 0.084556 0.091838 0.078571 0.163567 0.067889 
0.104817 0.099658 0.093887 0.079374 0.105186 0.084874 0.119118 0.096557 0.118969 0.097560 
0.077443 0.095520 0.093288 0.096702 0.128491 0.137646 0.081229 0.090199 0.075937 0.123545 
Document::27
0.099172 0.137762 0.109770 0.092409 0.099936 0.093343 0.102630 0.071223 0.121664 0.072089 
0.102972 0.102629 0.096687 0.081741 0.098383 0.087405 0.117700 0.104406 0.107607 0.100470 
0.095656 0.105905 0.091376 0.088246 0.111009 0.150594 0.099110 0.094804 0.075543 0.087757 
Document::28
0.077911 0.060098 0.114321 0.151665 0.078614 0.112537 0.121081 0.092186 0.125263 0.066324 
0.104531 0.099138 0.098150 0.082978 0.099872 0.083683 0.119481 0.100941 0.109236 0.101990 
0.098739 0.096424 0.087875 0.091091 0.121035 0.116764 0.095858 0.104308 0.090873 0.097033 
Document::29
0.095041 0.076486 0.091314 0.074676 0.109657 0.103340 0.140009 0.068257 0.144365 0.096856 
0.104531 0.099138 0.098150 0.082978 0.099872 0.083683 0.119481 0.100941 0.109236 0.101990 
0.071565 0.119895 0.092532 0.089362 0.131389 0.120873 0.081388 0.108654 0.089149 0.095192 
Document::30
0.099032 0.076390 0.111426 0.108066 0.099925 0.109158 0.120018 0.083290 0.108392 0.084303 
0.106880 0.106540 0.095735 0.080937 0.102335 0.081624 0.116541 0.098458 0.111469 0.099481 
0.080187 0.098904 0.096594 0.107216 0.104696 0.128349 0.084107 0.100483 0.099890 0.099574 
