d_0 0.610880 0.388843 0.000278 
d_1 0.200089 0.799689 0.000222 
d_2 0.104310 0.603998 0.291693 
d_3 0.456441 0.543341 0.000217 
d_4 0.499914 0.499914 0.000172 
d_5 0.481427 0.444403 0.074170 
d_6 0.809184 0.190578 0.000238 
d_7 0.569122 0.307704 0.123174 
d_8 0.622030 0.177881 0.200089 
d_9 0.346930 0.142974 0.510096 
d_10 0.439936 0.559864 0.000200 
d_11 0.479076 0.208411 0.312513 
d_12 0.471620 0.094475 0.433905 
d_13 0.580526 0.177495 0.241980 
d_14 0.517758 0.000178 0.482063 
d_15 0.833021 0.000208 0.166771 
d_16 0.530492 0.408117 0.061391 
d_17 0.785391 0.214371 0.000238 
d_18 0.730540 0.134730 0.134730 
d_19 0.647973 0.000185 0.351842 
d_20 0.768979 0.000192 0.230828 
d_21 0.548893 0.078581 0.372526 
d_22 0.660850 0.186515 0.152634 
d_23 0.714014 0.047823 0.238163 
d_24 0.263213 0.052853 0.683934 
d_25 0.399956 0.066844 0.533200 
d_26 0.370329 0.259341 0.370329 
d_27 0.696639 0.000303 0.303058 
d_28 0.584763 0.283047 0.132189 
d_29 0.651966 0.217467 0.130567 
d_30 0.166750 0.000167 0.833083 
d_31 0.109480 0.000156 0.890364 
d_32 0.000416 0.000416 0.999168 
