Document::0
0.088220 0.114821 0.083598 0.163175 0.082506 0.081297 0.105509 0.077943 0.122310 0.080621 
0.084571 0.100892 0.096442 0.099406 0.112758 0.105341 0.117211 0.087536 0.102372 0.093472 
0.105766 0.114464 0.104115 0.085904 0.103682 0.089167 0.086213 0.096672 0.111101 0.102917 
Document::1
0.122134 0.087800 0.116864 0.099820 0.094065 0.071132 0.098738 0.078086 0.150222 0.081140 
0.084569 0.100888 0.096437 0.099409 0.112766 0.105343 0.117211 0.087534 0.102373 0.093470 
0.105766 0.114464 0.104115 0.085904 0.103682 0.089167 0.086213 0.096672 0.111101 0.102917 
Document::2
0.093849 0.103017 0.099604 0.104317 0.098303 0.074337 0.114448 0.092866 0.145727 0.073532 
0.084571 0.100892 0.096442 0.099407 0.112759 0.105337 0.117207 0.087538 0.102374 0.093474 
0.114927 0.119546 0.098814 0.085167 0.102040 0.088264 0.081824 0.095386 0.105445 0.108586 
Document::3
0.089062 0.106374 0.093938 0.136104 0.092836 0.072530 0.116059 0.097772 0.123477 0.071848 
0.084573 0.100895 0.096437 0.099404 0.112758 0.105343 0.117209 0.087536 0.102375 0.093470 
0.105766 0.114464 0.104115 0.085904 0.103682 0.089167 0.086213 0.096672 0.111101 0.102917 
Document::4
0.091611 0.160891 0.140471 0.099852 0.095117 0.067385 0.081229 0.064240 0.123585 0.075618 
0.084571 0.100889 0.096438 0.099407 0.112761 0.105343 0.117210 0.087537 0.102373 0.093472 
0.105766 0.114464 0.104115 0.085904 0.103682 0.089167 0.086213 0.096672 0.111101 0.102917 
Document::5
0.149302 0.107068 0.104600 0.132440 0.095515 0.070041 0.074614 0.091584 0.113520 0.061316 
0.084567 0.100895 0.096438 0.099407 0.112756 0.105340 0.117217 0.087537 0.102374 0.093467 
0.107135 0.119382 0.105520 0.083973 0.101352 0.094654 0.084276 0.094499 0.108604 0.100604 
Document::6
0.121681 0.120103 0.117529 0.138062 0.082590 0.073014 0.086271 0.070003 0.126829 0.063918 
0.084569 0.100889 0.096439 0.099407 0.112762 0.105341 0.117209 0.087536 0.102374 0.093472 
0.105766 0.114464 0.104115 0.085904 0.103682 0.089167 0.086213 0.096672 0.111101 0.102917 
Document::7
0.151774 0.117120 0.089774 0.151190 0.088818 0.054644 0.084128 0.076543 0.107121 0.078888 
0.084569 0.100887 0.096441 0.099405 0.112760 0.105343 0.117215 0.087535 0.102372 0.093472 
0.106338 0.111060 0.101018 0.090784 0.100598 0.090233 0.091084 0.097514 0.107797 0.103573 
Document::8
0.065595 0.090768 0.088056 0.109691 0.104914 0.085879 0.090901 0.091650 0.205198 0.067349 
0.084569 0.100893 0.096438 0.099407 0.112758 0.105344 0.117209 0.087536 0.102373 0.093472 
0.105945 0.118056 0.108052 0.090448 0.100226 0.086195 0.083340 0.097153 0.111101 0.099486 
Document::9
0.072754 0.080831 0.107588 0.121662 0.106442 0.075408 0.120665 0.081810 0.158142 0.074699 
0.084569 0.100891 0.096438 0.099406 0.112761 0.105342 0.117210 0.087538 0.102374 0.093471 
0.100018 0.118444 0.105503 0.081891 0.105108 0.095359 0.085670 0.091718 0.115375 0.100913 
Document::10
0.078768 0.114821 0.140313 0.106459 0.082506 0.071844 0.086604 0.077943 0.169573 0.071169 
0.084568 0.100888 0.096438 0.099404 0.112757 0.105337 0.117211 0.087543 0.102377 0.093477 
0.105766 0.114464 0.104115 0.085904 0.103682 0.089167 0.086213 0.096672 0.111101 0.102917 
Document::11
0.106122 0.085653 0.092179 0.152283 0.081733 0.071171 0.085793 0.086577 0.177349 0.061138 
0.084569 0.100889 0.096441 0.099407 0.112757 0.105343 0.117213 0.087536 0.102375 0.093471 
0.103641 0.111866 0.102080 0.088481 0.105293 0.091568 0.088774 0.095041 0.105063 0.108193 
Document::12
0.085788 0.074887 0.099676 0.103524 0.080231 0.060671 0.093408 0.084986 0.247624 0.069206 
0.084571 0.100889 0.096438 0.099406 0.112758 0.105345 0.117209 0.087538 0.102373 0.093471 
0.097201 0.140405 0.109767 0.089510 0.095285 0.085467 0.079231 0.088843 0.119709 0.094582 
Document::13
0.069562 0.076358 0.107219 0.127409 0.072863 0.063448 0.084831 0.110573 0.208190 0.079547 
0.084570 0.100890 0.096441 0.099405 0.112760 0.105342 0.117208 0.087539 0.102372 0.093472 
0.103641 0.126359 0.105703 0.084858 0.101670 0.084321 0.085151 0.091418 0.115932 0.100946 
Document::14
0.073879 0.081097 0.105007 0.090986 0.095117 0.067385 0.090095 0.099704 0.229976 0.066752 
0.084570 0.100890 0.096439 0.099407 0.112759 0.105341 0.117210 0.087537 0.102374 0.093472 
0.102795 0.121094 0.108243 0.088267 0.100906 0.080808 0.088548 0.087609 0.111102 0.110629 
Document::15
0.091549 0.081969 0.095677 0.082901 0.086665 0.053319 0.098246 0.066610 0.274166 0.068899 
0.084570 0.100890 0.096439 0.099407 0.112759 0.105341 0.117210 0.087537 0.102374 0.093472 
0.106338 0.122212 0.112171 0.083349 0.100598 0.090233 0.083649 0.093797 0.107797 0.099856 
Document::16
0.094114 0.074205 0.089660 0.111689 0.097716 0.069226 0.147207 0.075103 0.154286 0.086792 
0.084568 0.100889 0.096439 0.099409 0.112759 0.105341 0.117211 0.087542 0.102372 0.093469 
0.104565 0.120739 0.102932 0.084928 0.102504 0.088154 0.089022 0.095573 0.109838 0.101747 
Document::17
0.071349 0.086882 0.084286 0.096432 0.074735 0.090764 0.155508 0.121976 0.162164 0.055903 
0.084572 0.100889 0.096438 0.099407 0.112759 0.105343 0.117209 0.087536 0.102375 0.093472 
0.105766 0.114464 0.104115 0.085904 0.103682 0.089167 0.086213 0.096672 0.111101 0.102917 
Document::18
0.060209 0.066893 0.130091 0.100684 0.088089 0.103460 0.124492 0.059493 0.196560 0.070030 
0.084569 0.100889 0.096440 0.099406 0.112761 0.105342 0.117209 0.087537 0.102373 0.093475 
0.110467 0.111474 0.105127 0.083660 0.104705 0.086838 0.087693 0.097878 0.111930 0.100228 
Document::19
0.070148 0.068583 0.116540 0.086391 0.065059 0.080818 0.136054 0.069413 0.252033 0.054962 
0.084570 0.100890 0.096439 0.099407 0.112759 0.105341 0.117210 0.087537 0.102374 0.093472 
0.112875 0.117411 0.107764 0.083646 0.100218 0.086688 0.087506 0.093683 0.114276 0.095933 
Document::20
0.075393 0.098125 0.103755 0.090979 0.086665 0.053319 0.146715 0.082766 0.201463 0.060820 
0.084570 0.100890 0.096439 0.099407 0.112759 0.105341 0.117210 0.087537 0.102374 0.093472 
0.101117 0.109432 0.117853 0.082128 0.102787 0.085248 0.086087 0.092422 0.120869 0.102056 
Document::21
0.074540 0.072877 0.088056 0.100745 0.087023 0.094824 0.135628 0.109541 0.169417 0.067349 
0.084570 0.100891 0.096439 0.099407 0.112758 0.105341 0.117211 0.087537 0.102375 0.093471 
0.109304 0.113839 0.107764 0.087217 0.103789 0.090260 0.083935 0.093683 0.110705 0.099504 
Document::22
0.059719 0.115212 0.088312 0.124296 0.103659 0.070041 0.131622 0.067152 0.162384 0.077604 
0.084569 0.100890 0.096439 0.099406 0.112762 0.105340 0.117213 0.087536 0.102374 0.093472 
0.105945 0.118056 0.100644 0.090448 0.100226 0.086195 0.083340 0.093449 0.118508 0.103190 
Document::23
0.073230 0.080384 0.148025 0.142915 0.076705 0.084369 0.133244 0.072463 0.113711 0.074953 
0.084573 0.100890 0.096439 0.099406 0.112759 0.105341 0.117210 0.087537 0.102374 0.093472 
0.120314 0.117620 0.103963 0.086424 0.099856 0.085877 0.086722 0.093104 0.107001 0.099119 
Document::24
0.078184 0.086863 0.104956 0.098756 0.103724 0.070374 0.140333 0.077253 0.169944 0.069612 
0.084570 0.100890 0.096439 0.099406 0.112759 0.105341 0.117211 0.087539 0.102374 0.093472 
0.117091 0.111063 0.101651 0.088574 0.108226 0.084574 0.092340 0.091398 0.108004 0.097077 
Document::25
0.081863 0.080037 0.086883 0.130291 0.085748 0.084491 0.129304 0.071182 0.176236 0.073965 
0.084571 0.100890 0.096439 0.099406 0.112759 0.105341 0.117211 0.087537 0.102375 0.093472 
0.100369 0.118860 0.105874 0.085687 0.119512 0.085167 0.089480 0.088531 0.108762 0.097759 
Document::26
0.120832 0.086863 0.094294 0.098756 0.103724 0.081036 0.108347 0.077253 0.148620 0.080274 
0.084569 0.100889 0.096440 0.099406 0.112761 0.105340 0.117209 0.087539 0.102376 0.093471 
0.105554 0.110240 0.100273 0.082734 0.114616 0.089567 0.086722 0.096794 0.110691 0.102809 
Document::27
0.078030 0.104382 0.120271 0.133555 0.081733 0.071171 0.095157 0.077213 0.149257 0.089231 
0.084570 0.100890 0.096439 0.099407 0.112759 0.105341 0.117210 0.087537 0.102374 0.093472 
0.109244 0.110240 0.100273 0.082734 0.107236 0.093257 0.090412 0.096794 0.107001 0.102809 
Document::28
0.081304 0.070973 0.164158 0.106824 0.076037 0.057500 0.123372 0.089255 0.138855 0.091723 
0.084571 0.100889 0.096440 0.099404 0.112761 0.105345 0.117209 0.087536 0.102372 0.093473 
0.110467 0.111474 0.101395 0.083660 0.100974 0.090570 0.091424 0.094147 0.108199 0.107691 
Document::29
0.073230 0.080384 0.104085 0.098975 0.129434 0.066793 0.159608 0.072463 0.122499 0.092529 
0.084570 0.100890 0.096441 0.099407 0.112760 0.105341 0.117210 0.087536 0.102374 0.093471 
0.103390 0.111892 0.105520 0.083973 0.101352 0.090909 0.084276 0.094499 0.108604 0.115585 
Document::30
0.088846 0.108187 0.094294 0.098756 0.103724 0.070374 0.140333 0.077253 0.148620 0.069612 
0.084570 0.100890 0.096439 0.099407 0.112759 0.105341 0.117210 0.087537 0.102374 0.093472 
0.098409 0.105708 0.087376 0.097816 0.112736 0.084478 0.078784 0.116499 0.115747 0.102448 
Document::31
0.080767 0.111762 0.108424 0.102019 0.085123 0.072699 0.111927 0.079806 0.142517 0.104956 
0.084570 0.100890 0.096439 0.099407 0.112759 0.105341 0.117210 0.087537 0.102374 0.093472 
0.096242 0.097091 0.107465 0.083084 0.091387 0.095197 0.073905 0.154815 0.097476 0.103337 
Document::32
0.087514 0.097230 0.105547 0.110542 0.092234 0.078773 0.109343 0.086473 0.154423 0.077920 
0.084570 0.100890 0.096439 0.099407 0.112759 0.105341 0.117210 0.087537 0.102374 0.093472 
0.103877 0.111842 0.109382 0.092705 0.094951 0.092185 0.082462 0.106075 0.108762 0.097759 
