Document::0
0.069303 0.117212 0.098428 0.163728 0.120628 0.082998 0.075811 0.081695 0.133479 0.056717 
0.093745 0.090038 0.132283 0.077206 0.086353 0.112445 0.121391 0.096441 0.089872 0.100226 
0.111646 0.104563 0.115769 0.086748 0.098698 0.080884 0.112465 0.084343 0.104166 0.100719 
Document::1
0.118339 0.082503 0.091823 0.112475 0.099111 0.064007 0.097567 0.062791 0.205052 0.066332 
0.081039 0.085203 0.109836 0.073060 0.127745 0.152436 0.122544 0.083590 0.085045 0.079501 
0.116251 0.108876 0.120544 0.090326 0.102769 0.084220 0.089606 0.087822 0.108462 0.091124 
Document::2
0.093062 0.114340 0.093453 0.118070 0.118139 0.076295 0.084302 0.090844 0.148428 0.063068 
0.087050 0.083281 0.117982 0.078479 0.128978 0.122539 0.098670 0.098030 0.099593 0.085397 
0.087409 0.112876 0.152663 0.088591 0.159974 0.094338 0.067374 0.076370 0.081552 0.078853 
Document::3
0.091495 0.122768 0.105245 0.125897 0.112533 0.077428 0.070724 0.103056 0.137943 0.052911 
0.084950 0.097356 0.099053 0.092669 0.085658 0.135666 0.120415 0.087624 0.113274 0.083337 
0.106045 0.111859 0.135045 0.120022 0.106288 0.076826 0.081739 0.080111 0.098940 0.083124 
Document::4
0.125043 0.186657 0.102205 0.108433 0.085363 0.066688 0.084033 0.077200 0.118808 0.045571 
0.087050 0.091522 0.101501 0.094960 0.104257 0.139020 0.106911 0.089790 0.099593 0.085397 
0.102200 0.095716 0.142235 0.091495 0.126609 0.086127 0.090862 0.077207 0.107439 0.080110 
Document::5
0.123730 0.106244 0.113515 0.150567 0.087789 0.091815 0.065644 0.080396 0.107612 0.072688 
0.077473 0.074120 0.097669 0.084513 0.078120 0.160396 0.161155 0.094580 0.088637 0.083336 
0.103450 0.133592 0.107270 0.129320 0.103688 0.074946 0.079739 0.078151 0.096519 0.093325 
Document::6
0.129535 0.121512 0.129827 0.148254 0.064479 0.069083 0.087052 0.079974 0.123076 0.047208 
0.080807 0.093842 0.104074 0.088917 0.090001 0.159443 0.092722 0.092066 0.093668 0.104460 
0.116251 0.108876 0.120544 0.090326 0.102769 0.084220 0.089606 0.087822 0.108462 0.091124 
Document::7
0.121941 0.175725 0.097401 0.128936 0.066882 0.059236 0.090296 0.070532 0.127663 0.061389 
0.076353 0.080276 0.117941 0.097747 0.076990 0.136394 0.144370 0.085985 0.094584 0.089360 
0.120093 0.100579 0.136760 0.083443 0.094937 0.090503 0.082777 0.081129 0.125599 0.084180 
Document::8
0.062149 0.079309 0.114073 0.069415 0.108177 0.100236 0.080889 0.060360 0.248724 0.076667 
0.081495 0.103163 0.122004 0.081154 0.082246 0.135237 0.102033 0.109893 0.102988 0.079786 
0.102200 0.119890 0.142235 0.115670 0.090347 0.086127 0.078775 0.077207 0.107439 0.080110 
Document::9
0.074674 0.079790 0.121560 0.114409 0.114476 0.073929 0.081688 0.072525 0.190333 0.076615 
0.104859 0.109054 0.095224 0.089087 0.105540 0.099499 0.100299 0.107429 0.108896 0.080115 
0.096375 0.113057 0.145527 0.086281 0.130791 0.081219 0.085684 0.084205 0.101316 0.075544 
Document::10
0.108176 0.112224 0.120744 0.078277 0.115137 0.107586 0.064650 0.069667 0.175173 0.048366 
0.083605 0.103729 0.089570 0.107031 0.100131 0.133519 0.086851 0.094151 0.127310 0.074103 
0.113140 0.105962 0.117318 0.101290 0.100019 0.081966 0.087208 0.085471 0.118941 0.088686 
Document::11
0.095334 0.085964 0.109660 0.131179 0.089285 0.080677 0.073691 0.065425 0.213655 0.055130 
0.089397 0.109054 0.095224 0.073625 0.097809 0.114960 0.100299 0.122891 0.108896 0.087846 
0.118587 0.111859 0.122503 0.094938 0.106288 0.089368 0.094281 0.080111 0.098940 0.083124 
Document::12
0.081349 0.071979 0.095675 0.075240 0.089285 0.066692 0.073691 0.065425 0.325534 0.055130 
0.078165 0.082601 0.125191 0.110530 0.078885 0.129711 0.097864 0.105402 0.106953 0.084699 
0.092173 0.173535 0.139182 0.071617 0.081483 0.066776 0.071046 0.091434 0.140503 0.072250 
Document::13
0.083637 0.063148 0.096206 0.078277 0.102868 0.095317 0.076919 0.081936 0.273325 0.048366 
0.089256 0.102291 0.112524 0.097367 0.098450 0.117196 0.092722 0.092066 0.119017 0.079112 
0.089254 0.168039 0.124218 0.069349 0.100015 0.064661 0.142689 0.067427 0.093830 0.080518 
Document::14
0.059833 0.076354 0.109822 0.079250 0.104146 0.071658 0.065453 0.070532 0.289142 0.073810 
0.081495 0.086120 0.113482 0.132282 0.082246 0.118194 0.093512 0.109893 0.102988 0.079786 
0.115232 0.131362 0.151737 0.083428 0.093403 0.067512 0.082851 0.070399 0.120009 0.084068 
Document::15
0.082624 0.074503 0.119280 0.077329 0.065260 0.057800 0.063866 0.068823 0.330614 0.059901 
0.085122 0.098853 0.100731 0.093666 0.085907 0.123454 0.106574 0.096983 0.116472 0.092238 
0.145280 0.127359 0.137258 0.076630 0.087186 0.071449 0.099347 0.086169 0.092016 0.077307 
Document::16
0.136052 0.077314 0.073471 0.080247 0.067723 0.072559 0.166898 0.109153 0.167001 0.049583 
0.081495 0.094641 0.096440 0.106718 0.082246 0.118194 0.110555 0.118415 0.111509 0.079786 
0.135193 0.117060 0.115274 0.089336 0.088215 0.084094 0.076916 0.098988 0.104903 0.090021 
Document::17
0.060586 0.064737 0.073471 0.092824 0.067723 0.110292 0.192053 0.083997 0.204735 0.049583 
0.110838 0.106803 0.099843 0.084017 0.085149 0.113543 0.096812 0.104949 0.115444 0.082602 
0.103450 0.096887 0.119505 0.080380 0.091453 0.136121 0.079739 0.078151 0.133224 0.081090 
Document::18
0.068835 0.060906 0.104624 0.075499 0.075549 0.115600 0.109689 0.055360 0.275455 0.058483 
0.091578 0.104952 0.115450 0.108568 0.083672 0.120244 0.095133 0.094460 0.096105 0.089839 
0.158797 0.093456 0.115274 0.077534 0.088215 0.072293 0.100519 0.098988 0.093102 0.101823 
Document::19
0.074497 0.078104 0.096620 0.058795 0.113483 0.052115 0.123154 0.051125 0.287168 0.064937 
0.106723 0.093273 0.104450 0.097124 0.089078 0.118783 0.101279 0.100563 0.102313 0.086413 
0.109016 0.102831 0.124146 0.075746 0.086180 0.116744 0.086672 0.096705 0.125544 0.076415 
Document::20
0.088321 0.058154 0.122493 0.060788 0.094732 0.053882 0.116030 0.086754 0.229110 0.089736 
0.090778 0.095929 0.107424 0.090397 0.091615 0.122165 0.104163 0.103427 0.105227 0.088874 
0.115232 0.087276 0.173780 0.072407 0.104424 0.067512 0.071829 0.070399 0.142052 0.095089 
Document::21
0.062149 0.066407 0.075366 0.069415 0.082373 0.151845 0.132498 0.099067 0.210018 0.050863 
0.083633 0.088379 0.107715 0.092028 0.084404 0.112550 0.095965 0.095286 0.149415 0.090624 
0.190284 0.108127 0.139182 0.082519 0.081483 0.066776 0.071046 0.080533 0.107800 0.072250 
Document::22
0.064990 0.113366 0.098779 0.115971 0.082502 0.075625 0.092389 0.074613 0.181861 0.099906 
0.096887 0.093056 0.119959 0.079794 0.097625 0.107835 0.091945 0.091295 0.101262 0.120342 
0.138461 0.119890 0.118061 0.079408 0.090347 0.074040 0.090862 0.089294 0.119526 0.080110 
Document::23
0.064652 0.069081 0.172353 0.099054 0.072268 0.117694 0.137833 0.062791 0.137943 0.066332 
0.125169 0.104049 0.105863 0.081851 0.082953 0.110616 0.102910 0.093648 0.112468 0.080472 
0.172636 0.106515 0.104708 0.078460 0.089268 0.073156 0.089777 0.076284 0.130042 0.079153 
Document::24
0.088800 0.093838 0.134970 0.082131 0.127994 0.072801 0.080441 0.071418 0.187427 0.060180 
0.093193 0.106803 0.117487 0.084017 0.093971 0.113543 0.105634 0.104949 0.097800 0.082602 
0.157580 0.108127 0.139182 0.071617 0.135989 0.066776 0.081948 0.080533 0.085997 0.072250 
Document::25
0.072429 0.077391 0.102868 0.095932 0.126070 0.071706 0.109304 0.070344 0.214682 0.059275 
0.107980 0.104049 0.097268 0.081851 0.082953 0.110616 0.120100 0.110838 0.103873 0.080472 
0.099810 0.115259 0.103106 0.079905 0.131683 0.075217 0.111021 0.067427 0.114942 0.101630 
Document::26
0.119332 0.078572 0.119704 0.082131 0.112728 0.072801 0.080441 0.071418 0.172162 0.090712 
0.091578 0.104952 0.106781 0.082561 0.083672 0.111575 0.103802 0.103129 0.104774 0.107177 
0.132795 0.100579 0.111358 0.096144 0.120340 0.077802 0.082777 0.081129 0.112898 0.084180 
Document::27
0.112464 0.074050 0.112815 0.178115 0.106241 0.068611 0.075811 0.067308 0.147867 0.056717 
0.097494 0.093273 0.104450 0.097124 0.089078 0.128012 0.101279 0.100563 0.102313 0.086413 
0.107774 0.124456 0.099934 0.086281 0.096596 0.081219 0.142675 0.072806 0.089918 0.098341 
Document::28
0.068320 0.073000 0.139582 0.090490 0.147284 0.067638 0.117286 0.066353 0.174136 0.055912 
0.083633 0.088379 0.107715 0.083283 0.093149 0.147530 0.095965 0.104031 0.096945 0.099369 
0.103792 0.078612 0.166455 0.065219 0.094057 0.090592 0.144117 0.083265 0.088241 0.085650 
Document::29
0.103528 0.068166 0.077363 0.097742 0.124287 0.063159 0.215471 0.075203 0.122873 0.052210 
0.090017 0.094641 0.096440 0.089675 0.090768 0.135237 0.102033 0.118415 0.094467 0.088308 
0.133616 0.092366 0.102265 0.076630 0.098850 0.094778 0.076019 0.074505 0.092016 0.158956 
Document::30
0.104066 0.093838 0.104439 0.082131 0.082197 0.103332 0.141504 0.071418 0.156896 0.060180 
0.090017 0.086120 0.113482 0.081154 0.082246 0.160801 0.110555 0.092850 0.102988 0.079786 
0.104392 0.108617 0.079899 0.087209 0.077230 0.074049 0.095845 0.158453 0.117456 0.096851 
Document::31
0.075850 0.112540 0.123474 0.084718 0.100532 0.075093 0.145960 0.073667 0.146090 0.062075 
0.083633 0.088379 0.160184 0.092028 0.084404 0.112550 0.095965 0.104031 0.096945 0.081879 
0.096479 0.066694 0.107531 0.063754 0.079798 0.051591 0.088579 0.230665 0.066441 0.148466 
Document::32
0.088375 0.094429 0.107169 0.098706 0.098785 0.087493 0.096675 0.085831 0.170213 0.072325 
0.090778 0.095929 0.107424 0.090397 0.091615 0.122165 0.104163 0.103427 0.105227 0.088874 
0.097746 0.081863 0.131987 0.088591 0.087609 0.073662 0.108725 0.179748 0.081552 0.068516 
