d_0 0.444352 0.555371 0.000278 
d_1 0.200089 0.799689 0.000222 
d_2 0.083489 0.624818 0.291693 
d_3 0.499891 0.412992 0.087117 
d_4 0.568844 0.430984 0.000172 
d_5 0.506109 0.345674 0.148217 
d_6 0.499881 0.380918 0.119201 
d_7 0.476857 0.415347 0.107796 
d_8 0.577615 0.266711 0.155674 
d_9 0.346930 0.265348 0.387722 
d_10 0.539876 0.459924 0.000200 
d_11 0.520716 0.333333 0.145950 
d_12 0.528192 0.132189 0.339619 
d_13 0.499919 0.177495 0.322586 
d_14 0.589149 0.125112 0.285740 
d_15 0.708099 0.083489 0.208411 
d_16 0.387722 0.346930 0.265348 
d_17 0.618844 0.214371 0.166786 
d_18 0.672881 0.192389 0.134730 
d_19 0.536924 0.000185 0.462891 
d_20 0.788199 0.000192 0.211609 
d_21 0.470508 0.098178 0.431315 
d_22 0.440623 0.288159 0.271218 
d_23 0.571259 0.214371 0.214371 
d_24 0.394688 0.000263 0.605049 
d_25 0.288918 0.177881 0.533200 
d_26 0.407325 0.074362 0.518313 
d_27 0.575537 0.000303 0.424160 
d_28 0.396191 0.301905 0.301905 
d_29 0.434716 0.260917 0.304367 
d_30 0.200067 0.016825 0.783108 
d_31 0.187568 0.000156 0.812275 
d_32 0.000416 0.000416 0.999168 
