d_0 0.416597 0.499861 0.083541 
d_1 0.444370 0.555408 0.000222 
d_2 0.166771 0.333333 0.499896 
d_3 0.434716 0.412992 0.152292 
d_4 0.551611 0.275892 0.172497 
d_5 0.506109 0.382698 0.111193 
d_6 0.690221 0.309541 0.000238 
d_7 0.399969 0.507612 0.092419 
d_8 0.510993 0.266711 0.222296 
d_9 0.204161 0.489700 0.306139 
d_10 0.539876 0.419948 0.040176 
d_11 0.354154 0.499896 0.145950 
d_12 0.320762 0.320762 0.358476 
d_13 0.435434 0.209737 0.354828 
d_14 0.464216 0.214349 0.321435 
d_15 0.583177 0.145950 0.270872 
d_16 0.510096 0.244952 0.244952 
d_17 0.595051 0.190578 0.214371 
d_18 0.576783 0.192389 0.230828 
d_19 0.684990 0.055710 0.259300 
d_20 0.653661 0.000192 0.346146 
d_21 0.450911 0.176563 0.372526 
d_22 0.593088 0.237337 0.169575 
d_23 0.476089 0.261956 0.261956 
d_24 0.289508 0.210623 0.499869 
d_25 0.266711 0.244504 0.488785 
d_26 0.407325 0.370329 0.222346 
d_27 0.454435 0.091129 0.454435 
d_28 0.301905 0.169904 0.528192 
d_29 0.456441 0.260917 0.282642 
d_30 0.183408 0.200067 0.616525 
d_31 0.140715 0.140715 0.718569 
d_32 0.000416 0.000416 0.999168 
