Document::0
0.078313 0.110753 0.085876 0.141419 0.093438 0.075226 0.093706 0.080858 0.156990 0.083421 
0.094521 0.094521 0.115076 0.078082 0.094515 0.112324 0.109596 0.095891 0.113692 0.091782 
0.103833 0.109376 0.112530 0.085536 0.103809 0.094618 0.089084 0.101906 0.101246 0.098062 
Document::1
0.112741 0.089167 0.111115 0.102510 0.090082 0.070633 0.090367 0.076647 0.187058 0.069681 
0.094511 0.094520 0.115070 0.078081 0.094531 0.112337 0.109585 0.095889 0.113701 0.091775 
0.103833 0.109376 0.112530 0.085536 0.103809 0.094618 0.089084 0.101906 0.101246 0.098062 
Document::2
0.087897 0.114108 0.096385 0.097539 0.104872 0.074234 0.094975 0.080555 0.176201 0.073234 
0.094518 0.094516 0.115075 0.078076 0.094527 0.112330 0.109584 0.095888 0.113703 0.091782 
0.096879 0.102051 0.104994 0.089375 0.125559 0.102632 0.083118 0.095081 0.094465 0.105846 
Document::3
0.073631 0.121215 0.097826 0.124420 0.113478 0.070728 0.096645 0.093108 0.139060 0.069890 
0.094524 0.094516 0.115067 0.078082 0.094518 0.112337 0.109588 0.095885 0.113704 0.091779 
0.101746 0.112202 0.115293 0.083817 0.106747 0.092716 0.087293 0.099858 0.099211 0.101115 
Document::4
0.091446 0.182507 0.113738 0.106758 0.096677 0.065161 0.073298 0.070040 0.143856 0.056519 
0.094517 0.094517 0.115068 0.078086 0.094528 0.112329 0.109592 0.095886 0.113699 0.091778 
0.103833 0.109376 0.112530 0.085536 0.103809 0.094618 0.089084 0.101906 0.101246 0.098062 
Document::5
0.174878 0.112465 0.107001 0.107838 0.068739 0.068706 0.076361 0.073295 0.127931 0.082787 
0.094513 0.094528 0.115061 0.078083 0.094515 0.112325 0.109600 0.095900 0.113695 0.091780 
0.097815 0.117526 0.110838 0.080579 0.107452 0.103623 0.088750 0.096000 0.100208 0.097208 
Document::6
0.100983 0.132013 0.116908 0.117892 0.089378 0.063266 0.080943 0.068653 0.158859 0.071105 
0.094516 0.094525 0.115068 0.078083 0.094519 0.112335 0.109583 0.095886 0.113699 0.091786 
0.101237 0.106642 0.114717 0.093396 0.106213 0.092253 0.086857 0.104358 0.098715 0.095611 
Document::7
0.116897 0.137449 0.091568 0.124457 0.098223 0.066203 0.082467 0.071160 0.154152 0.057423 
0.094516 0.094522 0.115071 0.078077 0.094516 0.112331 0.109597 0.095892 0.113704 0.091774 
0.100235 0.105586 0.113581 0.092472 0.100212 0.091340 0.090947 0.098376 0.107637 0.099614 
Document::8
0.071791 0.101528 0.087053 0.087995 0.110643 0.077290 0.085901 0.082452 0.210546 0.084802 
0.094518 0.094518 0.115067 0.078087 0.094517 0.112333 0.109584 0.095896 0.113703 0.091778 
0.105185 0.115485 0.118531 0.092472 0.100212 0.091340 0.085997 0.098376 0.097738 0.094665 
Document::9
0.095616 0.091748 0.112115 0.104130 0.119609 0.065545 0.083858 0.080130 0.173584 0.073665 
0.094526 0.094517 0.115063 0.078086 0.094519 0.112330 0.109587 0.095893 0.113697 0.091781 
0.103960 0.109011 0.111885 0.091959 0.113282 0.090891 0.085848 0.092860 0.101603 0.098701 
Document::10
0.087718 0.100690 0.119375 0.095528 0.101469 0.076651 0.076931 0.098292 0.167506 0.075841 
0.094523 0.094523 0.115063 0.078084 0.094520 0.112323 0.109587 0.095893 0.113696 0.091787 
0.103833 0.109376 0.112530 0.085536 0.103809 0.094618 0.089084 0.101906 0.101246 0.098062 
Document::11
0.105990 0.085583 0.096183 0.122330 0.086375 0.069540 0.078223 0.083145 0.195517 0.077115 
0.094519 0.094522 0.115068 0.078080 0.094516 0.112323 0.109592 0.095898 0.113702 0.091780 
0.100235 0.120435 0.113581 0.082573 0.105162 0.091340 0.095896 0.098376 0.097738 0.094665 
Document::12
0.087000 0.083480 0.093819 0.086553 0.100637 0.059638 0.076301 0.081101 0.248059 0.083412 
0.094519 0.094519 0.115068 0.078082 0.094518 0.112332 0.109586 0.095892 0.113696 0.091789 
0.095060 0.132992 0.121798 0.083003 0.095038 0.086623 0.081557 0.093296 0.116161 0.094471 
Document::13
0.084913 0.081477 0.091568 0.092473 0.090227 0.074199 0.082467 0.095148 0.234113 0.073415 
0.094521 0.094524 0.115070 0.078084 0.094523 0.112324 0.109588 0.095887 0.113695 0.091785 
0.098826 0.131755 0.116015 0.077581 0.098805 0.090468 0.094749 0.101729 0.101130 0.088942 
Document::14
0.067836 0.072324 0.105867 0.091017 0.112417 0.088772 0.089039 0.077910 0.230428 0.064389 
0.094522 0.094519 0.115068 0.078088 0.094521 0.112326 0.109586 0.095892 0.113699 0.091780 
0.095961 0.115299 0.118214 0.083790 0.095939 0.101659 0.082330 0.098919 0.103047 0.104843 
Document::15
0.090732 0.095186 0.097232 0.082498 0.080305 0.072461 0.072726 0.085110 0.259863 0.063887 
0.094520 0.094523 0.115066 0.078082 0.094519 0.112327 0.109593 0.095889 0.113700 0.091781 
0.103646 0.118673 0.126550 0.081365 0.103623 0.090003 0.089616 0.096936 0.096308 0.093279 
Document::16
0.093925 0.090125 0.083598 0.084598 0.099804 0.073230 0.135443 0.087557 0.188203 0.063518 
0.094522 0.094519 0.115065 0.078091 0.094515 0.112331 0.109592 0.095889 0.113693 0.091783 
0.111765 0.112155 0.119919 0.084998 0.102129 0.093512 0.088324 0.095538 0.099726 0.091934 
Document::17
0.071791 0.084870 0.095382 0.079666 0.077327 0.085619 0.152533 0.115768 0.177230 0.059814 
0.094524 0.094524 0.115065 0.078081 0.094518 0.112331 0.109585 0.095891 0.113701 0.091779 
0.100235 0.105586 0.113581 0.082573 0.100212 0.106188 0.090947 0.098376 0.107637 0.094665 
Document::18
0.074533 0.071204 0.096479 0.105103 0.095179 0.087396 0.126400 0.061206 0.219109 0.063392 
0.094518 0.094524 0.115070 0.078081 0.094520 0.112328 0.109585 0.095888 0.113701 0.091785 
0.110134 0.105586 0.113581 0.087522 0.100212 0.091340 0.090947 0.108274 0.097738 0.094665 
Document::19
0.078167 0.082801 0.101182 0.077724 0.091694 0.059153 0.124437 0.072316 0.254170 0.058356 
0.094521 0.094521 0.115068 0.078083 0.094520 0.112328 0.109588 0.095891 0.113698 0.091782 
0.092036 0.106038 0.117924 0.084907 0.110193 0.097501 0.101685 0.090328 0.107921 0.091465 
Document::20
0.108242 0.090253 0.084789 0.093030 0.090951 0.053898 0.113381 0.073295 0.201971 0.090191 
0.094521 0.094521 0.115068 0.078083 0.094520 0.112328 0.109588 0.095891 0.113698 0.091782 
0.098289 0.113243 0.125936 0.080970 0.098267 0.089566 0.084328 0.096466 0.110401 0.102533 
Document::21
0.073007 0.077838 0.080057 0.106426 0.087107 0.104009 0.104296 0.100789 0.197173 0.069298 
0.094522 0.094520 0.115069 0.078082 0.094519 0.112326 0.109587 0.095889 0.113703 0.091783 
0.111737 0.107504 0.124161 0.081474 0.093287 0.089634 0.089269 0.100792 0.114020 0.088122 
Document::22
0.080120 0.109857 0.087053 0.129640 0.085656 0.068961 0.094230 0.065794 0.193888 0.084802 
0.094516 0.094522 0.115077 0.078082 0.094518 0.112325 0.109589 0.095889 0.113699 0.091783 
0.110176 0.120037 0.108737 0.088528 0.095939 0.096921 0.087068 0.098919 0.098309 0.095366 
Document::23
0.073007 0.086308 0.139348 0.106426 0.078637 0.087069 0.129707 0.083849 0.146352 0.069298 
0.094536 0.094519 0.115068 0.078081 0.094518 0.112328 0.109585 0.095888 0.113698 0.091779 
0.128658 0.109452 0.107567 0.081763 0.099230 0.090444 0.085154 0.097411 0.106582 0.093737 
Document::24
0.079032 0.084261 0.095833 0.096870 0.130971 0.075916 0.103734 0.090768 0.176767 0.065847 
0.094521 0.094521 0.115068 0.078083 0.094520 0.112328 0.109588 0.095891 0.113698 0.091782 
0.120397 0.107011 0.119005 0.085686 0.106618 0.093810 0.093446 0.091157 0.095153 0.087718 
Document::25
0.080508 0.085835 0.097623 0.108020 0.096056 0.077334 0.124353 0.073783 0.189410 0.067077 
0.094525 0.094525 0.115065 0.078082 0.094521 0.112325 0.109589 0.095888 0.113699 0.091782 
0.101587 0.115653 0.104766 0.076164 0.119827 0.097947 0.083888 0.099871 0.103849 0.096448 
Document::26
0.120113 0.096987 0.089963 0.091040 0.116921 0.069288 0.098165 0.084706 0.164461 0.068354 
0.094520 0.094520 0.115067 0.078083 0.094520 0.112327 0.109590 0.095890 0.113701 0.091781 
0.106446 0.106834 0.104994 0.079808 0.120775 0.097848 0.087901 0.099865 0.094465 0.101062 
Document::27
0.102770 0.081280 0.110132 0.111132 0.099804 0.082075 0.091219 0.078712 0.170514 0.072362 
0.094521 0.094521 0.115068 0.078083 0.094520 0.112328 0.109588 0.095891 0.113698 0.091782 
0.096879 0.106834 0.104994 0.084591 0.115992 0.088281 0.092685 0.099865 0.094465 0.115413 
Document::28
0.083601 0.079867 0.134290 0.100510 0.124142 0.063266 0.107016 0.068653 0.167550 0.071105 
0.094522 0.094517 0.115071 0.078080 0.094527 0.112329 0.109583 0.095889 0.113699 0.091783 
0.100699 0.101084 0.113476 0.083790 0.100677 0.096921 0.101283 0.103657 0.098309 0.100104 
Document::29
0.084334 0.080568 0.091632 0.092624 0.125230 0.072588 0.134255 0.086790 0.142717 0.089262 
0.094526 0.094521 0.115067 0.078081 0.094523 0.112327 0.109590 0.095893 0.113694 0.091778 
0.125581 0.102051 0.104994 0.079808 0.101640 0.093065 0.083118 0.104649 0.094465 0.110629 
Document::30
0.100124 0.096073 0.089115 0.090182 0.087534 0.096920 0.125525 0.074479 0.172339 0.067710 
0.094521 0.094521 0.115070 0.078083 0.094520 0.112328 0.109588 0.095890 0.113698 0.091781 
0.108459 0.096400 0.098942 0.085453 0.112572 0.088639 0.075917 0.131696 0.102244 0.099678 
Document::31
0.081267 0.133787 0.098543 0.090182 0.096962 0.068635 0.087811 0.083907 0.153482 0.105424 
0.094521 0.094521 0.115068 0.078083 0.094520 0.112328 0.109588 0.095891 0.113698 0.091782 
0.086025 0.090401 0.105036 0.087771 0.086006 0.098989 0.078428 0.169509 0.083983 0.113852 
Document::32
0.091635 0.097698 0.100484 0.101687 0.098701 0.077391 0.099014 0.083981 0.173062 0.076348 
0.094521 0.094521 0.115068 0.078083 0.094520 0.112328 0.109588 0.095891 0.113698 0.091782 
0.110717 0.097392 0.109331 0.080730 0.097000 0.093381 0.093019 0.113567 0.112979 0.091883 
