Document::0
0.089306 0.105946 0.153913 0.098078 0.119614 0.070469 0.090490 0.099667 0.080372 0.092145 
0.104242 0.110207 0.120218 0.112203 0.100183 0.098184 0.084183 0.070145 0.112225 0.088210 
0.096955 0.091261 0.100763 0.096967 0.112161 0.091268 0.129263 0.077947 0.087458 0.115957 
Document::1
0.077762 0.109953 0.169589 0.099076 0.129686 0.075267 0.088473 0.087892 0.072212 0.090091 
0.104188 0.110209 0.120219 0.112186 0.100245 0.098227 0.084228 0.070134 0.112207 0.088158 
0.096960 0.091258 0.100761 0.096957 0.112167 0.091258 0.129269 0.077951 0.087456 0.115963 
Document::2
0.083932 0.105826 0.137104 0.107919 0.124450 0.073956 0.092403 0.098917 0.077686 0.097808 
0.104162 0.110179 0.120260 0.112175 0.100299 0.098147 0.084176 0.070130 0.112215 0.088257 
0.096960 0.091258 0.100761 0.096957 0.112167 0.091258 0.129269 0.077951 0.087456 0.115963 
Document::3
0.081391 0.098419 0.140839 0.107032 0.122405 0.072113 0.109266 0.095326 0.082247 0.090962 
0.104177 0.110254 0.120184 0.112211 0.100235 0.098179 0.084184 0.070210 0.112233 0.088132 
0.096960 0.091258 0.100761 0.096957 0.112167 0.091258 0.129269 0.077951 0.087456 0.115963 
Document::4
0.088526 0.091981 0.144086 0.115605 0.108168 0.073626 0.105234 0.101550 0.079982 0.091242 
0.104200 0.110224 0.120217 0.112221 0.100199 0.098200 0.084177 0.070156 0.112223 0.088185 
0.096958 0.091257 0.100760 0.096956 0.112172 0.091257 0.129267 0.077957 0.087454 0.115961 
Document::5
0.078319 0.098748 0.134622 0.110734 0.132847 0.079042 0.089567 0.102333 0.079178 0.094610 
0.104200 0.110224 0.120217 0.112221 0.100199 0.098200 0.084177 0.070156 0.112223 0.088185 
0.096960 0.091258 0.100761 0.096957 0.112167 0.091258 0.129269 0.077951 0.087456 0.115963 
Document::6
0.077541 0.094456 0.123352 0.126189 0.144771 0.065014 0.098610 0.098006 0.081703 0.090360 
0.104194 0.110236 0.120210 0.112214 0.100193 0.098194 0.084191 0.070152 0.112216 0.088199 
0.096958 0.091264 0.100760 0.096956 0.112172 0.091257 0.129267 0.077950 0.087454 0.115961 
Document::7
0.081663 0.105436 0.131278 0.114078 0.119470 0.069010 0.089567 0.109022 0.085866 0.094610 
0.104160 0.110200 0.120248 0.112197 0.100237 0.098239 0.084164 0.070167 0.112218 0.088170 
0.096960 0.091258 0.100761 0.096957 0.112167 0.091258 0.129269 0.077951 0.087456 0.115963 
Document::8
0.089598 0.099757 0.141346 0.114736 0.123273 0.070699 0.090786 0.103260 0.074099 0.092446 
0.104200 0.110224 0.120217 0.112221 0.100199 0.098200 0.084177 0.070156 0.112223 0.088185 
0.096955 0.091261 0.100756 0.096959 0.112161 0.091275 0.129263 0.077947 0.087458 0.115964 
Document::9
0.103685 0.107344 0.129545 0.099372 0.131093 0.068099 0.094984 0.094382 0.078133 0.093362 
0.104172 0.110232 0.120204 0.112229 0.100230 0.098212 0.084154 0.070137 0.112231 0.088200 
0.096960 0.091258 0.100761 0.096957 0.112167 0.091258 0.129269 0.077951 0.087456 0.115963 
Document::10
0.089246 0.096370 0.139364 0.098344 0.120681 0.069709 0.093852 0.106748 0.076602 0.109081 
0.104214 0.110236 0.120210 0.112214 0.100193 0.098213 0.084172 0.070152 0.112216 0.088180 
0.096962 0.091246 0.100763 0.096952 0.112159 0.091283 0.129274 0.077948 0.087451 0.115962 
Document::11
0.086898 0.090545 0.125830 0.102334 0.124084 0.064586 0.088094 0.123674 0.077876 0.116079 
0.104196 0.110219 0.120213 0.112216 0.100195 0.098215 0.084173 0.070153 0.112238 0.088182 
0.096958 0.091257 0.100760 0.096956 0.112165 0.091264 0.129267 0.077950 0.087454 0.115969 
Document::12
0.083932 0.098658 0.133520 0.104336 0.120866 0.070373 0.092403 0.113252 0.077686 0.104976 
0.104298 0.110183 0.120172 0.112199 0.100241 0.098185 0.084170 0.070118 0.112278 0.088157 
0.096955 0.091247 0.100778 0.096959 0.112167 0.091269 0.129268 0.077949 0.087459 0.115949 
Document::13
0.082523 0.099109 0.140428 0.101006 0.128965 0.066994 0.086950 0.109083 0.076865 0.108078 
0.104200 0.110224 0.120217 0.112221 0.100199 0.098200 0.084177 0.070156 0.112223 0.088185 
0.096963 0.091262 0.100764 0.096953 0.112162 0.091269 0.129264 0.077948 0.087452 0.115965 
Document::14
0.085868 0.103126 0.129230 0.098344 0.130815 0.069709 0.093852 0.103370 0.079980 0.105703 
0.104194 0.110217 0.120229 0.112233 0.100193 0.098194 0.084172 0.070152 0.112235 0.088180 
0.096990 0.091246 0.100762 0.096965 0.112151 0.091246 0.129266 0.077940 0.087473 0.115962 
Document::15
0.084488 0.105624 0.135820 0.107645 0.123604 0.071398 0.089206 0.098954 0.074998 0.108263 
0.104200 0.110224 0.120217 0.112221 0.100199 0.098200 0.084177 0.070156 0.112223 0.088185 
0.096951 0.091243 0.100752 0.096948 0.112177 0.091265 0.129255 0.077952 0.087463 0.115995 
Document::16
0.085777 0.100826 0.136454 0.106628 0.123522 0.071919 0.094433 0.101090 0.079393 0.099957 
0.104200 0.110224 0.120217 0.112221 0.100199 0.098200 0.084177 0.070156 0.112223 0.088185 
0.096969 0.091254 0.100769 0.096951 0.112149 0.091261 0.129262 0.077958 0.087431 0.115996 
Document::17
0.085777 0.100826 0.136454 0.106628 0.123522 0.071919 0.094433 0.101090 0.079393 0.099957 
0.104200 0.110224 0.120217 0.112221 0.100199 0.098200 0.084177 0.070156 0.112223 0.088185 
0.096952 0.091281 0.100745 0.096986 0.112176 0.091245 0.129252 0.077934 0.087451 0.115979 
Document::18
0.085777 0.100826 0.136454 0.106628 0.123522 0.071919 0.094433 0.101090 0.079393 0.099957 
0.104230 0.110213 0.120204 0.112210 0.100210 0.098192 0.084173 0.070137 0.112231 0.088200 
0.096940 0.091255 0.100784 0.096945 0.112143 0.091269 0.129277 0.077944 0.087460 0.115982 
Document::19
0.085777 0.100826 0.136454 0.106628 0.123522 0.071919 0.094433 0.101090 0.079393 0.099957 
0.104200 0.110277 0.120208 0.112273 0.100258 0.098202 0.084130 0.070117 0.112179 0.088155 
0.096956 0.091248 0.100750 0.096946 0.112161 0.091248 0.129334 0.077949 0.087445 0.115964 
Document::20
0.085777 0.100826 0.136454 0.106628 0.123522 0.071919 0.094433 0.101090 0.079393 0.099957 
0.104207 0.110267 0.120219 0.112321 0.100168 0.098169 0.084151 0.070153 0.112188 0.088158 
0.096951 0.091272 0.100752 0.096941 0.112170 0.091265 0.129306 0.077952 0.087441 0.115951 
Document::21
0.085777 0.100826 0.136454 0.106628 0.123522 0.071919 0.094433 0.101090 0.079393 0.099957 
0.104154 0.110271 0.120222 0.112248 0.100174 0.098195 0.084178 0.070125 0.112269 0.088165 
0.096955 0.091269 0.100748 0.096959 0.112173 0.091283 0.129279 0.077950 0.087445 0.115939 
Document::22
0.085777 0.100826 0.136454 0.106628 0.123522 0.071919 0.094433 0.101090 0.079393 0.099957 
0.104190 0.110232 0.120225 0.112210 0.100189 0.098209 0.084207 0.070149 0.112212 0.088176 
0.096960 0.091266 0.100761 0.096950 0.112173 0.091252 0.129267 0.077960 0.087456 0.115955 
