d_0 0.693657 0.163369 0.142974 
d_1 0.719095 0.280729 0.000175 
d_2 0.111234 0.888580 0.000185 
d_3 0.465449 0.534379 0.000172 
d_4 0.959624 0.000200 0.040176 
d_5 0.999232 0.000384 0.000384 
d_6 0.852483 0.088451 0.059066 
d_7 0.565066 0.434716 0.000217 
d_8 0.824632 0.000250 0.175119 
d_9 0.681581 0.318192 0.000227 
d_10 0.522598 0.068362 0.409039 
d_11 0.885241 0.057379 0.057379 
d_12 0.117774 0.548893 0.333333 
d_13 0.853278 0.000244 0.146478 
d_14 0.510993 0.066844 0.422163 
d_15 0.410197 0.000256 0.589547 
d_16 0.000256 0.000256 0.999488 
d_17 0.000238 0.000238 0.999524 
d_18 0.000192 0.269268 0.730540 
d_19 0.000222 0.644237 0.355541 
d_20 0.000256 0.410197 0.589547 
d_21 0.000196 0.450911 0.548893 
d_22 0.000665 0.333333 0.666001 
