Document::0
0.107005 0.099616 0.145131 0.094310 0.130532 0.073033 0.083862 0.089376 0.074625 0.102510 
0.083734 0.136366 0.115728 0.102094 0.082531 0.096799 0.093037 0.098241 0.105836 0.085636 
0.086968 0.097297 0.097302 0.103526 0.113864 0.093180 0.124201 0.086959 0.086957 0.109745 
Document::1
0.084327 0.093479 0.158547 0.121058 0.123761 0.075634 0.086241 0.087545 0.068999 0.100410 
0.081650 0.139195 0.119070 0.099552 0.102257 0.091278 0.093832 0.089572 0.100090 0.083504 
0.086961 0.097303 0.097308 0.103520 0.113871 0.093174 0.124209 0.086965 0.086962 0.109727 
Document::2
0.087210 0.102385 0.129988 0.105818 0.132380 0.072558 0.084709 0.104975 0.079038 0.100939 
0.086555 0.130902 0.146736 0.094436 0.091200 0.092550 0.092037 0.079532 0.103517 0.082536 
0.086961 0.097303 0.097308 0.103520 0.113871 0.093174 0.124209 0.086965 0.086962 0.109727 
Document::3
0.081976 0.090872 0.142178 0.105734 0.116328 0.085474 0.107734 0.093070 0.086990 0.089645 
0.083203 0.138672 0.124506 0.098275 0.091520 0.093015 0.089276 0.088105 0.105165 0.088263 
0.086961 0.097303 0.097308 0.103520 0.113871 0.093174 0.124209 0.086965 0.086962 0.109727 
Document::4
0.075209 0.096391 0.132337 0.119588 0.122258 0.074716 0.109478 0.086482 0.092446 0.091096 
0.087358 0.142268 0.117407 0.103183 0.086102 0.097659 0.090405 0.089176 0.100429 0.086013 
0.086962 0.097289 0.097295 0.103544 0.113868 0.093173 0.124204 0.086978 0.086963 0.109724 
Document::5
0.092202 0.106016 0.126871 0.109141 0.141865 0.074593 0.081381 0.087013 0.089036 0.091883 
0.087358 0.142268 0.117407 0.103183 0.086102 0.097659 0.090405 0.089176 0.100429 0.086013 
0.086961 0.097303 0.097308 0.103520 0.113871 0.093174 0.124209 0.086965 0.086962 0.109727 
Document::6
0.082599 0.096239 0.121047 0.137286 0.152724 0.065213 0.084569 0.090130 0.079473 0.090720 
0.085927 0.139938 0.118759 0.101494 0.084693 0.102610 0.092199 0.087716 0.098785 0.087879 
0.086961 0.097303 0.097308 0.103520 0.113871 0.093174 0.124209 0.086965 0.086962 0.109727 
Document::7
0.086618 0.100921 0.135784 0.113003 0.120345 0.068386 0.084261 0.103362 0.087763 0.099558 
0.082954 0.154499 0.116532 0.100475 0.081806 0.092378 0.094877 0.090708 0.104047 0.081724 
0.086961 0.097303 0.097308 0.103520 0.113871 0.093174 0.124209 0.086965 0.086962 0.109727 
Document::8
0.084744 0.098738 0.119863 0.119213 0.139379 0.071234 0.082438 0.096798 0.085864 0.101731 
0.082679 0.144100 0.120571 0.100807 0.081491 0.105032 0.085563 0.090701 0.101351 0.087707 
0.086961 0.097303 0.097308 0.103520 0.113871 0.093174 0.124209 0.086965 0.086962 0.109727 
Document::9
0.104813 0.105770 0.129867 0.108766 0.144247 0.075634 0.073950 0.095739 0.068999 0.092216 
0.085092 0.145063 0.114361 0.103749 0.087112 0.095126 0.088060 0.090105 0.097824 0.093509 
0.086961 0.097303 0.097308 0.103520 0.113871 0.093174 0.124209 0.086965 0.086962 0.109727 
Document::10
0.096224 0.101258 0.125257 0.100162 0.143658 0.063084 0.081809 0.095348 0.080959 0.112241 
0.088911 0.146009 0.118372 0.101162 0.084416 0.095747 0.091898 0.087430 0.098462 0.087592 
0.086960 0.097302 0.097307 0.103519 0.113883 0.093172 0.124207 0.086964 0.086961 0.109726 
Document::11
0.081567 0.095036 0.119534 0.102248 0.129988 0.068563 0.079347 0.126492 0.078480 0.118744 
0.086494 0.144157 0.116246 0.102163 0.085251 0.099990 0.089511 0.091590 0.099436 0.085162 
0.086961 0.097303 0.097308 0.103520 0.113871 0.093174 0.124209 0.086965 0.086962 0.109727 
Document::12
0.083675 0.102739 0.133726 0.101529 0.122512 0.069618 0.081276 0.118733 0.075835 0.110357 
0.106024 0.137597 0.109112 0.096258 0.077813 0.100292 0.090727 0.092625 0.108812 0.080740 
0.086956 0.097297 0.097302 0.103539 0.113890 0.093168 0.124201 0.086972 0.086957 0.109720 
Document::13
0.083658 0.101744 0.126871 0.096324 0.141865 0.074593 0.081381 0.099829 0.071947 0.121788 
0.087358 0.142268 0.117407 0.103183 0.086102 0.097659 0.090405 0.089176 0.100429 0.086013 
0.086957 0.097297 0.097290 0.103500 0.113875 0.093206 0.124210 0.086961 0.086996 0.109706 
Document::14
0.096749 0.102279 0.119678 0.101074 0.139895 0.069306 0.085394 0.100269 0.075495 0.109862 
0.085647 0.146009 0.118372 0.101162 0.084416 0.102275 0.088635 0.090694 0.098462 0.084328 
0.086947 0.097273 0.097355 0.103527 0.113862 0.093183 0.124184 0.086964 0.086974 0.109732 
Document::15
0.087783 0.102279 0.119678 0.110040 0.126446 0.073789 0.085394 0.091303 0.075495 0.127794 
0.087358 0.142268 0.117407 0.103183 0.086102 0.097659 0.090405 0.089176 0.100429 0.086013 
0.086947 0.097273 0.097292 0.103514 0.113875 0.093183 0.124184 0.086976 0.086961 0.109795 
Document::16
0.089305 0.100040 0.128306 0.108361 0.130756 0.074302 0.086744 0.097885 0.080937 0.103364 
0.086210 0.146969 0.115864 0.101827 0.084971 0.099661 0.089217 0.088004 0.099109 0.088168 
0.086998 0.097373 0.097328 0.103512 0.113846 0.093158 0.124167 0.086939 0.086936 0.109742 
Document::17
0.089305 0.100040 0.128306 0.108361 0.130756 0.074302 0.086744 0.097885 0.080937 0.103364 
0.084543 0.140906 0.113624 0.099859 0.083328 0.113844 0.087492 0.089525 0.097193 0.089685 
0.086951 0.097352 0.097269 0.103567 0.113914 0.093161 0.124159 0.086942 0.086977 0.109708 
Document::18
0.089305 0.100040 0.128306 0.108361 0.130756 0.074302 0.086744 0.097885 0.080937 0.103364 
0.091554 0.143197 0.116685 0.103307 0.084111 0.094981 0.085027 0.093264 0.106979 0.080896 
0.086950 0.097287 0.097331 0.103502 0.113887 0.093160 0.124245 0.086941 0.086951 0.109744 
Document::19
0.089305 0.100040 0.128306 0.108361 0.130756 0.074302 0.086744 0.097885 0.080937 0.103364 
0.088701 0.149929 0.120192 0.113054 0.087516 0.092138 0.085294 0.084134 0.094751 0.084291 
0.086969 0.097282 0.097313 0.103485 0.113833 0.093155 0.124318 0.086960 0.086945 0.109740 
Document::20
0.089305 0.100040 0.128306 0.108361 0.130756 0.074302 0.086744 0.097885 0.080937 0.103364 
0.093226 0.144073 0.108721 0.123294 0.082815 0.093517 0.096047 0.082578 0.096081 0.079649 
0.086945 0.097310 0.097303 0.103500 0.113875 0.093156 0.124286 0.086974 0.086946 0.109706 
Document::21
0.089305 0.100040 0.128306 0.108361 0.130756 0.074302 0.086744 0.097885 0.080937 0.103364 
0.079186 0.165171 0.112459 0.114654 0.084083 0.094559 0.087983 0.080834 0.094052 0.087019 
0.086952 0.097303 0.097309 0.103544 0.113893 0.093175 0.124215 0.086955 0.086953 0.109699 
Document::22
0.089305 0.100040 0.128306 0.108361 0.130756 0.074302 0.086744 0.097885 0.080937 0.103364 
0.088049 0.144594 0.120456 0.106646 0.083598 0.098051 0.087775 0.089814 0.097508 0.083510 
0.086955 0.097295 0.097314 0.103512 0.113875 0.093179 0.124212 0.086983 0.086955 0.109719 
