d_0 0.510096 0.244952 0.244952 
d_1 0.473610 0.298264 0.228126 
d_2 0.388858 0.610957 0.000185 
d_3 0.310357 0.430984 0.258659 
d_4 0.499900 0.140116 0.359984 
d_5 0.499808 0.000384 0.499808 
d_6 0.881869 0.117837 0.000294 
d_7 0.434716 0.217467 0.347817 
d_8 0.424931 0.225081 0.349988 
d_9 0.749716 0.068362 0.181921 
d_10 0.590734 0.227345 0.181921 
d_11 0.713959 0.057379 0.228661 
d_12 0.431315 0.411719 0.156966 
d_13 0.828906 0.000244 0.170851 
d_14 0.622030 0.089052 0.288918 
d_15 0.282091 0.077120 0.640789 
d_16 0.000256 0.435819 0.563925 
d_17 0.000238 0.476089 0.523674 
d_18 0.000192 0.596002 0.403805 
d_19 0.000222 0.377748 0.622030 
d_20 0.000256 0.692032 0.307712 
d_21 0.000196 0.784049 0.215755 
d_22 0.000665 0.532934 0.466401 
