d_0 0.632470 0.265348 0.102182 
d_1 0.631422 0.368403 0.000175 
d_2 0.092726 0.907089 0.000185 
d_3 0.741168 0.258659 0.000172 
d_4 0.779732 0.000200 0.220068 
d_5 0.999232 0.000384 0.000384 
d_6 0.852483 0.147223 0.000294 
d_7 0.391267 0.608516 0.000217 
d_8 0.574819 0.424931 0.000250 
d_9 0.817851 0.181921 0.000227 
d_10 0.840563 0.136498 0.022939 
d_11 0.913788 0.085926 0.000285 
d_12 0.274544 0.627278 0.098178 
d_13 0.633926 0.000244 0.365830 
d_14 0.333333 0.133467 0.533200 
d_15 0.384576 0.000256 0.615168 
d_16 0.000256 0.102741 0.897002 
d_17 0.000238 0.238163 0.761599 
d_18 0.000192 0.365366 0.634442 
d_19 0.000222 0.399956 0.599822 
d_20 0.000256 0.615168 0.384576 
d_21 0.000196 0.607682 0.392122 
d_22 0.000665 0.599468 0.399867 
