Document::0
0.099354 0.086513 0.216778 0.089853 0.083838 0.066189 0.069586 0.115310 0.100284 0.072295 
0.071595 0.144692 0.100346 0.084564 0.084701 0.093832 0.111087 0.113457 0.119538 0.076188 
0.084490 0.103349 0.084068 0.125232 0.087433 0.089726 0.101867 0.093548 0.113964 0.116323 
Document::1
0.071359 0.097043 0.198525 0.100298 0.145366 0.051771 0.093279 0.074176 0.084997 0.083187 
0.078967 0.147867 0.083104 0.091191 0.114283 0.088445 0.093228 0.118425 0.112675 0.071815 
0.074347 0.093029 0.083282 0.124061 0.086615 0.098240 0.119621 0.102027 0.094191 0.124588 
Document::2
0.063476 0.132641 0.146018 0.122380 0.129819 0.083624 0.059637 0.080311 0.105814 0.076282 
0.057012 0.124919 0.215701 0.067339 0.067448 0.084418 0.088459 0.090347 0.104888 0.099468 
0.084638 0.095258 0.084162 0.119938 0.098604 0.101191 0.114883 0.094853 0.107230 0.099242 
Document::3
0.094975 0.080841 0.152317 0.142040 0.106658 0.058471 0.076590 0.098156 0.095998 0.093953 
0.072324 0.124912 0.107660 0.073004 0.125700 0.091520 0.116932 0.087432 0.092681 0.107835 
0.072981 0.091320 0.081752 0.112601 0.103387 0.133163 0.117424 0.100153 0.101643 0.085574 
Document::4
0.073224 0.099578 0.112256 0.168245 0.109969 0.079254 0.134912 0.076114 0.074153 0.072295 
0.076239 0.167046 0.093884 0.090048 0.103165 0.112888 0.079379 0.081903 0.101349 0.094100 
0.079960 0.088873 0.088496 0.136389 0.091681 0.084916 0.096406 0.142145 0.089983 0.101151 
Document::5
0.071344 0.071610 0.086645 0.122055 0.192394 0.063001 0.098019 0.121255 0.072446 0.101232 
0.083852 0.169462 0.103259 0.099040 0.084935 0.095629 0.087306 0.090082 0.097204 0.089231 
0.093053 0.083675 0.083282 0.105354 0.086615 0.107594 0.110267 0.092673 0.122251 0.115235 
Document::6
0.068733 0.068944 0.093108 0.157928 0.213603 0.062130 0.089847 0.083711 0.094134 0.067862 
0.079325 0.173810 0.111180 0.093694 0.080350 0.117458 0.082593 0.085219 0.091956 0.084414 
0.084638 0.095258 0.084162 0.119938 0.098604 0.101191 0.114883 0.094853 0.107230 0.099242 
Document::7
0.078341 0.078581 0.148059 0.124090 0.145612 0.084793 0.060471 0.109390 0.079336 0.091326 
0.073383 0.185759 0.127822 0.111645 0.074331 0.096175 0.088891 0.078836 0.085068 0.078091 
0.072317 0.117784 0.099204 0.120675 0.093349 0.086461 0.098160 0.108340 0.109817 0.093894 
Document::8
0.096361 0.082021 0.081588 0.144112 0.181166 0.059324 0.077708 0.128769 0.068218 0.080734 
0.074311 0.188108 0.129438 0.087771 0.075271 0.084748 0.077372 0.092475 0.098786 0.091721 
0.092191 0.110700 0.082510 0.104378 0.113612 0.097330 0.109246 0.101081 0.102585 0.086367 
Document::9
0.125439 0.137471 0.066146 0.116837 0.170536 0.095412 0.063001 0.068911 0.055307 0.100940 
0.080410 0.162507 0.099021 0.108656 0.081449 0.091704 0.083723 0.086385 0.093214 0.112930 
0.077994 0.127029 0.077555 0.120335 0.090864 0.103060 0.105865 0.087408 0.098813 0.111076 
Document::10
0.136763 0.059604 0.085015 0.075798 0.121448 0.052438 0.094482 0.165410 0.073197 0.135847 
0.098353 0.185759 0.090367 0.086675 0.086816 0.083690 0.076406 0.091320 0.085068 0.115545 
0.077994 0.087781 0.077555 0.120335 0.090864 0.093248 0.115677 0.107032 0.138061 0.091452 
Document::11
0.073224 0.060382 0.073060 0.089853 0.136100 0.066189 0.069586 0.180636 0.087218 0.163752 
0.081526 0.164761 0.100395 0.096293 0.082579 0.106846 0.084884 0.101453 0.094507 0.086756 
0.087806 0.097593 0.087367 0.130147 0.090864 0.093248 0.105865 0.097220 0.108625 0.101264 
Document::12
0.076211 0.076444 0.144032 0.079921 0.087259 0.096086 0.072424 0.160809 0.077178 0.129637 
0.152340 0.141374 0.090433 0.076209 0.065356 0.106516 0.067180 0.080293 0.129682 0.090616 
0.087806 0.097593 0.077555 0.120335 0.110489 0.093248 0.105865 0.097220 0.118437 0.091452 
Document::13
0.065519 0.112482 0.112136 0.068709 0.133470 0.070915 0.085645 0.161630 0.054660 0.134832 
0.083852 0.169462 0.103259 0.099040 0.084935 0.095629 0.087306 0.090082 0.097204 0.089231 
0.088676 0.088651 0.078324 0.111618 0.091765 0.133810 0.106914 0.098183 0.099792 0.102268 
Document::14
0.108179 0.070677 0.082877 0.073892 0.143539 0.088837 0.066961 0.123533 0.058784 0.182721 
0.079325 0.160314 0.124676 0.093694 0.080350 0.090466 0.082593 0.112211 0.091956 0.084414 
0.074347 0.102382 0.073928 0.133414 0.105321 0.116947 0.119621 0.083320 0.103545 0.087175 
Document::15
0.073625 0.089890 0.089415 0.109968 0.118597 0.096996 0.069173 0.093153 0.074763 0.184420 
0.080410 0.189868 0.099021 0.094976 0.081449 0.091704 0.083723 0.086385 0.093214 0.099249 
0.075254 0.092050 0.083287 0.145179 0.111512 0.113555 0.099140 0.074912 0.101505 0.103606 
Document::16
0.089339 0.089672 0.108500 0.114036 0.124506 0.078892 0.083937 0.113034 0.090720 0.107363 
0.067485 0.239718 0.094586 0.091191 0.079839 0.088445 0.070265 0.083981 0.101194 0.083296 
0.103082 0.137568 0.076815 0.123055 0.088517 0.099240 0.093079 0.076851 0.121386 0.080406 
Document::17
0.089339 0.089672 0.108500 0.114036 0.124506 0.078892 0.083937 0.113034 0.090720 0.107363 
0.076337 0.209538 0.080337 0.077055 0.077180 0.163194 0.067926 0.070085 0.075626 0.102721 
0.094455 0.128941 0.068188 0.166191 0.088517 0.081986 0.093079 0.076851 0.121386 0.080406 
Document::18
0.089339 0.089672 0.108500 0.114036 0.124506 0.078892 0.083937 0.113034 0.090720 0.107363 
0.107597 0.176848 0.091379 0.068671 0.108348 0.115763 0.080318 0.102026 0.077289 0.071761 
0.069171 0.086552 0.086186 0.106722 0.089287 0.091401 0.172208 0.086222 0.105038 0.107213 
Document::19
0.089339 0.089672 0.108500 0.114036 0.124506 0.078892 0.083937 0.113034 0.090720 0.107363 
0.078967 0.182311 0.106067 0.125635 0.079839 0.076964 0.081747 0.118425 0.078231 0.071815 
0.073402 0.073380 0.097642 0.108797 0.075958 0.086153 0.203333 0.081271 0.082602 0.117462 
Document::20
0.089339 0.089672 0.108500 0.114036 0.124506 0.078892 0.083937 0.113034 0.090720 0.107363 
0.091432 0.184133 0.074546 0.205387 0.071616 0.089635 0.073328 0.075332 0.070174 0.064418 
0.075049 0.103349 0.074626 0.106349 0.096874 0.089726 0.186841 0.084107 0.095081 0.087998 
Document::21
0.089339 0.089672 0.108500 0.114036 0.124506 0.078892 0.083937 0.113034 0.090720 0.107363 
0.053387 0.253220 0.083909 0.126638 0.072243 0.088134 0.055587 0.066437 0.089137 0.111309 
0.075764 0.104334 0.075338 0.135958 0.107329 0.090582 0.131433 0.084908 0.105519 0.088837 
Document::22
0.089339 0.089672 0.108500 0.114036 0.124506 0.078892 0.083937 0.113034 0.090720 0.107363 
0.075262 0.177712 0.105486 0.114504 0.076235 0.098637 0.078363 0.106464 0.087246 0.080091 
0.098586 0.098560 0.088233 0.111618 0.101674 0.094172 0.116824 0.098183 0.099792 0.092358 
