Document::0
0.091706 0.089521 0.109171 0.087334 0.104811 0.104801 0.113534 0.098251 0.091701 0.109169 
0.076745 0.095349 0.081396 0.088372 0.095349 0.102326 0.125580 0.090698 0.120930 0.123255 
0.083531 0.088302 0.088313 0.090690 0.150360 0.088301 0.119332 0.081146 0.112168 0.097857 
Document::1
0.091707 0.089520 0.109168 0.087346 0.104809 0.104803 0.113529 0.098247 0.091705 0.109165 
0.076745 0.095349 0.081396 0.088372 0.095349 0.102326 0.125580 0.090698 0.120930 0.123255 
0.083533 0.088306 0.088306 0.090692 0.150357 0.088305 0.119331 0.081146 0.112171 0.097852 
Document::2
0.091707 0.089519 0.109178 0.087335 0.104804 0.104808 0.113531 0.098252 0.091702 0.109164 
0.076744 0.095349 0.081394 0.088372 0.095347 0.102336 0.125579 0.090696 0.120929 0.123253 
0.083533 0.088306 0.088306 0.090691 0.150357 0.088303 0.119332 0.081146 0.112171 0.097855 
Document::3
0.091699 0.089524 0.109168 0.087340 0.104799 0.104800 0.113536 0.098254 0.091711 0.109169 
0.076745 0.095349 0.081396 0.088372 0.095349 0.102326 0.125580 0.090698 0.120930 0.123255 
0.083533 0.088308 0.088304 0.090691 0.150363 0.088305 0.119332 0.081145 0.112172 0.097848 
Document::4
0.091700 0.089520 0.109177 0.087336 0.104802 0.104806 0.113535 0.098252 0.091702 0.109170 
0.076745 0.095349 0.081396 0.088372 0.095349 0.102326 0.125580 0.090698 0.120930 0.123255 
0.083529 0.088315 0.088301 0.090689 0.150365 0.088306 0.119330 0.081147 0.112167 0.097852 
Document::5
0.091703 0.089521 0.109171 0.087336 0.104804 0.104803 0.113536 0.098254 0.091703 0.109169 
0.076744 0.095349 0.081395 0.088373 0.095352 0.102325 0.125582 0.090697 0.120928 0.123256 
0.083533 0.088303 0.088303 0.090689 0.150360 0.088311 0.119335 0.081142 0.112177 0.097846 
Document::6
0.091707 0.089519 0.109169 0.087335 0.104809 0.104801 0.113535 0.098252 0.091702 0.109170 
0.076743 0.095346 0.081396 0.088372 0.095349 0.102325 0.125583 0.090700 0.120931 0.123254 
0.083530 0.088305 0.088303 0.090700 0.150354 0.088304 0.119327 0.081151 0.112171 0.097854 
Document::7
0.091704 0.089524 0.109168 0.087334 0.104806 0.104801 0.113539 0.098254 0.091701 0.109169 
0.076744 0.095345 0.081395 0.088369 0.095352 0.102328 0.125581 0.090700 0.120929 0.123257 
0.083537 0.088305 0.088306 0.090691 0.150356 0.088304 0.119330 0.081145 0.112172 0.097854 
Document::8
0.091703 0.089520 0.109174 0.087339 0.104805 0.104797 0.113532 0.098251 0.091698 0.109181 
0.076745 0.095349 0.081396 0.088372 0.095349 0.102326 0.125580 0.090698 0.120930 0.123255 
0.083539 0.088306 0.088310 0.090695 0.150355 0.088301 0.119334 0.081141 0.112171 0.097847 
Document::9
0.091701 0.089519 0.109171 0.087337 0.104806 0.104806 0.113539 0.098252 0.091701 0.109167 
0.076746 0.095349 0.081395 0.088371 0.095361 0.102322 0.125579 0.090696 0.120927 0.123254 
0.083532 0.088305 0.088304 0.090695 0.150358 0.088306 0.119333 0.081145 0.112172 0.097850 
Document::10
0.091702 0.089520 0.109170 0.087338 0.104803 0.104802 0.113538 0.098255 0.091702 0.109171 
0.076746 0.095346 0.081396 0.088368 0.095353 0.102323 0.125594 0.090696 0.120924 0.123255 
0.083533 0.088306 0.088306 0.090692 0.150357 0.088305 0.119331 0.081146 0.112171 0.097852 
Document::11
0.091703 0.089521 0.109171 0.087336 0.104804 0.104803 0.113536 0.098254 0.091703 0.109169 
0.076743 0.095353 0.081397 0.088369 0.095346 0.102328 0.125580 0.090695 0.120926 0.123263 
0.083531 0.088304 0.088303 0.090698 0.150357 0.088305 0.119326 0.081148 0.112176 0.097852 
Document::12
0.091696 0.089521 0.109162 0.087332 0.104807 0.104794 0.113552 0.098260 0.091700 0.109175 
0.076751 0.095346 0.081396 0.088370 0.095347 0.102329 0.125579 0.090696 0.120930 0.123256 
0.083534 0.088304 0.088305 0.090692 0.150354 0.088306 0.119335 0.081148 0.112172 0.097849 
Document::13
0.091701 0.089526 0.109167 0.087330 0.104803 0.104810 0.113535 0.098264 0.091701 0.109161 
0.076746 0.095351 0.081395 0.088371 0.095350 0.102324 0.125577 0.090697 0.120933 0.123255 
0.083533 0.088306 0.088306 0.090692 0.150357 0.088305 0.119331 0.081146 0.112171 0.097852 
Document::14
0.091704 0.089521 0.109171 0.087339 0.104804 0.104801 0.113539 0.098251 0.091701 0.109169 
0.076746 0.095356 0.081394 0.088372 0.095346 0.102331 0.125583 0.090693 0.120927 0.123253 
0.083533 0.088306 0.088306 0.090692 0.150357 0.088305 0.119331 0.081146 0.112171 0.097852 
Document::15
0.091702 0.089522 0.109171 0.087338 0.104805 0.104801 0.113535 0.098255 0.091704 0.109168 
0.076742 0.095351 0.081391 0.088379 0.095345 0.102324 0.125578 0.090702 0.120926 0.123262 
0.083533 0.088306 0.088306 0.090692 0.150357 0.088305 0.119331 0.081146 0.112171 0.097852 
Document::16
0.091707 0.089522 0.109169 0.087337 0.104802 0.104804 0.113537 0.098252 0.091701 0.109170 
0.076745 0.095348 0.081396 0.088381 0.095352 0.102322 0.125575 0.090697 0.120929 0.123255 
0.083533 0.088306 0.088306 0.090692 0.150357 0.088305 0.119331 0.081146 0.112171 0.097852 
Document::17
0.091699 0.089514 0.109178 0.087338 0.104796 0.104795 0.113543 0.098254 0.091706 0.109176 
0.076745 0.095349 0.081396 0.088372 0.095349 0.102326 0.125580 0.090698 0.120930 0.123255 
0.083533 0.088306 0.088306 0.090692 0.150357 0.088305 0.119331 0.081146 0.112171 0.097852 
