d_0 0.243316 0.000270 0.756414 
d_1 0.999445 0.000278 0.000278 
d_2 0.559864 0.200080 0.240056 
d_3 0.452296 0.000238 0.547466 
d_4 0.263195 0.000175 0.736630 
d_5 0.000256 0.179605 0.820138 
d_6 0.127791 0.255369 0.616840 
d_7 0.250069 0.527616 0.222315 
d_8 0.377028 0.000164 0.622808 
d_9 0.222315 0.555371 0.222315 
d_10 0.143061 0.856582 0.000357 
d_11 0.000227 0.386328 0.613445 
d_12 0.540882 0.213174 0.245945 
d_13 0.624818 0.374974 0.000208 
d_14 0.200089 0.799689 0.000222 
d_15 0.162301 0.837429 0.000270 
d_16 0.205995 0.793711 0.000294 
d_17 0.999311 0.000344 0.000344 
