Document::0
0.079068 0.123933 0.121791 0.089741 0.104719 0.098287 0.094014 0.089740 0.083332 0.115374 
0.097157 0.099526 0.087678 0.094785 0.101896 0.101896 0.127959 0.080571 0.099527 0.109005 
0.086330 0.083932 0.105519 0.081528 0.163067 0.079133 0.110318 0.088728 0.103114 0.098332 
Document::1
0.079059 0.123929 0.121787 0.089737 0.104711 0.098310 0.093995 0.089729 0.083343 0.115400 
0.097157 0.099526 0.087678 0.094785 0.101896 0.101896 0.127959 0.080571 0.099527 0.109005 
0.086332 0.083934 0.105516 0.081537 0.163063 0.079138 0.110312 0.088730 0.103117 0.098322 
Document::2
0.079056 0.123925 0.121812 0.089741 0.104686 0.098328 0.093999 0.089762 0.083311 0.115382 
0.097166 0.099526 0.087675 0.094782 0.101896 0.101905 0.127958 0.080568 0.099523 0.109001 
0.086332 0.083934 0.105516 0.081537 0.163063 0.079138 0.110312 0.088730 0.103117 0.098322 
Document::3
0.079061 0.123944 0.121781 0.089740 0.104702 0.098301 0.094013 0.089761 0.083332 0.115364 
0.097157 0.099526 0.087678 0.094785 0.101896 0.101896 0.127959 0.080571 0.099527 0.109005 
0.086336 0.083930 0.105521 0.081534 0.163070 0.079135 0.110313 0.088730 0.103116 0.098314 
Document::4
0.079068 0.123947 0.121790 0.089748 0.104704 0.098287 0.094014 0.089740 0.083331 0.115373 
0.097157 0.099526 0.087678 0.094785 0.101896 0.101896 0.127959 0.080571 0.099527 0.109005 
0.086325 0.083940 0.105515 0.081530 0.163090 0.079145 0.110304 0.088729 0.103107 0.098316 
Document::5
0.079065 0.123932 0.121790 0.089745 0.104702 0.098285 0.094019 0.089745 0.083336 0.115380 
0.097156 0.099528 0.087677 0.094784 0.101894 0.101895 0.127961 0.080569 0.099525 0.109011 
0.086325 0.083937 0.105510 0.081534 0.163074 0.079129 0.110316 0.088733 0.103129 0.098314 
Document::6
0.079067 0.123931 0.121789 0.089740 0.104703 0.098279 0.094020 0.089754 0.083338 0.115379 
0.097154 0.099526 0.087675 0.094782 0.101892 0.101897 0.127958 0.080576 0.099531 0.109009 
0.086334 0.083932 0.105512 0.081536 0.163060 0.079134 0.110311 0.088735 0.103124 0.098322 
Document::7
0.079064 0.123931 0.121795 0.089744 0.104701 0.098284 0.094025 0.089744 0.083335 0.115378 
0.097161 0.099530 0.087675 0.094777 0.101903 0.101896 0.127956 0.080576 0.099526 0.108999 
0.086345 0.083930 0.105511 0.081537 0.163059 0.079134 0.110310 0.088726 0.103123 0.098324 
Document::8
0.079053 0.123932 0.121804 0.089767 0.104699 0.098269 0.094004 0.089731 0.083345 0.115395 
0.097160 0.099524 0.087677 0.094784 0.101894 0.101903 0.127961 0.080569 0.099525 0.109003 
0.086329 0.083930 0.105524 0.081537 0.163063 0.079138 0.110320 0.088723 0.103112 0.098324 
Document::9
0.079072 0.123921 0.121793 0.089737 0.104700 0.098276 0.094039 0.089744 0.083350 0.115369 
0.097154 0.099527 0.087676 0.094787 0.101901 0.101890 0.127958 0.080569 0.099528 0.109009 
0.086330 0.083932 0.105513 0.081539 0.163066 0.079140 0.110313 0.088728 0.103115 0.098323 
Document::10
0.079066 0.123938 0.121781 0.089753 0.104695 0.098278 0.094041 0.089739 0.083337 0.115371 
0.097150 0.099519 0.087676 0.094779 0.101896 0.101897 0.127990 0.080565 0.099524 0.109005 
0.086332 0.083934 0.105516 0.081537 0.163063 0.079138 0.110312 0.088730 0.103117 0.098322 
Document::11
0.079065 0.123932 0.121790 0.089745 0.104702 0.098285 0.094019 0.089745 0.083336 0.115380 
0.097159 0.099524 0.087673 0.094780 0.101889 0.101894 0.127974 0.080574 0.099532 0.109001 
0.086327 0.083932 0.105513 0.081545 0.163060 0.079137 0.110308 0.088735 0.103118 0.098326 
Document::12
0.079054 0.123925 0.121827 0.089739 0.104700 0.098270 0.094012 0.089739 0.083331 0.115403 
0.097166 0.099522 0.087676 0.094786 0.101900 0.101901 0.127957 0.080564 0.099527 0.109000 
0.086333 0.083931 0.105522 0.081537 0.163057 0.079142 0.110311 0.088727 0.103117 0.098322 
Document::13
0.079062 0.123938 0.121789 0.089741 0.104703 0.098273 0.094036 0.089755 0.083332 0.115372 
0.097161 0.099542 0.087684 0.094778 0.101904 0.101888 0.127944 0.080569 0.099523 0.109007 
0.086332 0.083934 0.105516 0.081537 0.163063 0.079138 0.110312 0.088730 0.103117 0.098322 
Document::14
0.079072 0.123943 0.121780 0.089745 0.104715 0.098277 0.094018 0.089744 0.083329 0.115377 
0.097152 0.099517 0.087687 0.094785 0.101882 0.101903 0.127958 0.080568 0.099534 0.109014 
0.086332 0.083934 0.105516 0.081537 0.163063 0.079138 0.110312 0.088730 0.103117 0.098322 
Document::15
0.079060 0.123940 0.121790 0.089748 0.104704 0.098287 0.094021 0.089740 0.083338 0.115373 
0.097150 0.099522 0.087680 0.094802 0.101896 0.101893 0.127956 0.080569 0.099523 0.109008 
0.086332 0.083934 0.105516 0.081537 0.163063 0.079138 0.110312 0.088730 0.103117 0.098322 
Document::16
0.079073 0.123951 0.121780 0.089746 0.104694 0.098278 0.094019 0.089745 0.083329 0.115385 
0.097152 0.099529 0.087678 0.094801 0.101898 0.101895 0.127955 0.080567 0.099526 0.108998 
0.086332 0.083934 0.105516 0.081537 0.163063 0.079138 0.110312 0.088730 0.103117 0.098322 
Document::17
0.079056 0.123921 0.121779 0.089748 0.104709 0.098279 0.094028 0.089741 0.083340 0.115399 
0.097157 0.099526 0.087678 0.094785 0.101896 0.101896 0.127959 0.080571 0.099527 0.109005 
0.086332 0.083934 0.105516 0.081537 0.163063 0.079138 0.110312 0.088730 0.103117 0.098322 
