Document::0
0.093018 0.100209 0.137221 0.097519 0.112038 0.110618 0.087147 0.077596 0.084849 0.099784 
0.075705 0.104588 0.098723 0.113140 0.123174 0.080237 0.150130 0.074767 0.087537 0.091999 
0.076352 0.074006 0.117113 0.098651 0.121424 0.098376 0.120296 0.085291 0.084998 0.123493 
Document::1
0.119764 0.141998 0.149526 0.075360 0.079735 0.118732 0.074532 0.066363 0.080608 0.093382 
0.093179 0.110722 0.091479 0.106742 0.097815 0.078427 0.165452 0.085669 0.092671 0.077845 
0.082544 0.080008 0.102281 0.106652 0.131271 0.098245 0.113832 0.084098 0.091891 0.109178 
Document::2
0.075891 0.097102 0.134971 0.102579 0.068392 0.166971 0.086445 0.101669 0.076898 0.089083 
0.088562 0.117623 0.080753 0.107646 0.099162 0.093122 0.144866 0.100006 0.094273 0.073988 
0.082544 0.080008 0.102281 0.106652 0.131271 0.098245 0.113832 0.084098 0.091891 0.109178 
Document::3
0.087273 0.111666 0.128747 0.082674 0.087473 0.139078 0.099411 0.081626 0.088431 0.093622 
0.083976 0.116014 0.089024 0.111844 0.102490 0.082175 0.152876 0.082936 0.097100 0.081566 
0.082673 0.080550 0.105982 0.109641 0.150616 0.082238 0.122440 0.070396 0.104074 0.091390 
Document::4
0.081320 0.134042 0.133456 0.085698 0.072382 0.107583 0.093902 0.093758 0.082521 0.115338 
0.083407 0.115227 0.088420 0.111085 0.101795 0.081618 0.151839 0.082373 0.103224 0.081012 
0.085769 0.077828 0.082343 0.103752 0.188660 0.079332 0.115157 0.080879 0.092742 0.093537 
Document::5
0.093261 0.111770 0.142564 0.087794 0.072522 0.112892 0.097202 0.086548 0.094638 0.100808 
0.078608 0.146949 0.083333 0.111087 0.095939 0.076923 0.149496 0.077635 0.090894 0.089136 
0.079959 0.071340 0.082806 0.092910 0.185066 0.086104 0.138118 0.068085 0.100658 0.094955 
Document::6
0.094430 0.101060 0.161193 0.081240 0.059947 0.119326 0.080347 0.097551 0.086898 0.118008 
0.080145 0.117239 0.097996 0.106742 0.104331 0.078427 0.152419 0.079153 0.092671 0.090878 
0.078002 0.068842 0.088006 0.112702 0.133885 0.133380 0.097945 0.086318 0.093023 0.107897 
Document::7
0.085217 0.102130 0.139851 0.099389 0.066267 0.141490 0.098402 0.079083 0.096059 0.092113 
0.080671 0.118008 0.085520 0.107442 0.098456 0.078941 0.159978 0.079672 0.099838 0.091474 
0.077462 0.075295 0.101256 0.098061 0.126028 0.125526 0.097266 0.085719 0.106238 0.107149 
Document::8
0.085531 0.099389 0.153856 0.112849 0.070004 0.092376 0.080629 0.064800 0.102267 0.138299 
0.082290 0.113685 0.100619 0.109599 0.100433 0.080526 0.149807 0.087962 0.095151 0.079928 
0.088263 0.066075 0.124656 0.094777 0.121807 0.101229 0.134195 0.069453 0.075889 0.123654 
Document::9
0.089646 0.105639 0.150372 0.084922 0.071726 0.106608 0.111176 0.074783 0.118023 0.087105 
0.085547 0.115730 0.083869 0.111801 0.096556 0.077418 0.163323 0.078134 0.097911 0.089709 
0.075223 0.095085 0.093210 0.111974 0.134410 0.096922 0.118518 0.076640 0.083741 0.114277 
Document::10
0.088614 0.126133 0.135461 0.083419 0.068908 0.107267 0.122256 0.082236 0.089922 0.095785 
0.072578 0.106169 0.076940 0.108466 0.088579 0.076923 0.220647 0.077580 0.083920 0.088199 
0.082544 0.080008 0.102281 0.106652 0.131271 0.098245 0.113832 0.084098 0.091891 0.109178 
Document::11
0.088614 0.106201 0.145426 0.083419 0.068908 0.107267 0.092358 0.082236 0.129785 0.095785 
0.075705 0.116899 0.080256 0.119295 0.098551 0.086393 0.162441 0.074767 0.099848 0.085844 
0.096908 0.067430 0.120377 0.096720 0.124305 0.089635 0.095937 0.091383 0.097950 0.119355 
Document::12
0.127806 0.101787 0.125399 0.075360 0.071693 0.142859 0.098659 0.082448 0.088650 0.085340 
0.103118 0.107018 0.073471 0.092305 0.129668 0.101632 0.137439 0.085353 0.097043 0.072952 
0.081880 0.079365 0.101458 0.105794 0.130215 0.097454 0.120961 0.083422 0.091152 0.108300 
Document::13
0.089027 0.127972 0.160144 0.076592 0.072865 0.112499 0.092098 0.083795 0.098273 0.086735 
0.085388 0.143268 0.095775 0.103789 0.095609 0.083813 0.133703 0.090451 0.090895 0.077308 
0.082544 0.080008 0.102281 0.106652 0.131271 0.098245 0.113832 0.084098 0.091891 0.109178 
Document::14
0.096653 0.123668 0.132813 0.091560 0.087104 0.105171 0.090553 0.080629 0.088165 0.103684 
0.076669 0.121016 0.098227 0.094434 0.086536 0.086679 0.163670 0.098852 0.093516 0.080399 
0.083229 0.073455 0.093904 0.120254 0.120520 0.105090 0.104509 0.077210 0.084365 0.137465 
Document::15
0.089506 0.127402 0.156956 0.084259 0.069602 0.108347 0.093288 0.083064 0.090827 0.096749 
0.082913 0.121718 0.081400 0.129774 0.092837 0.075585 0.147223 0.093627 0.094058 0.080866 
0.078110 0.083384 0.104461 0.116271 0.124219 0.100641 0.107717 0.087255 0.086955 0.110987 
Document::16
0.096653 0.104126 0.142584 0.101331 0.067562 0.105171 0.100325 0.080629 0.088165 0.113455 
0.093965 0.097955 0.080931 0.129026 0.115363 0.086679 0.146374 0.081556 0.087751 0.080399 
0.082544 0.080008 0.102281 0.106652 0.131271 0.098245 0.113832 0.084098 0.091891 0.109178 
Document::17
0.102213 0.091596 0.151212 0.071947 0.059432 0.092515 0.114038 0.070926 0.086151 0.159970 
0.083976 0.116014 0.089024 0.111844 0.102490 0.082175 0.152876 0.082936 0.097100 0.081566 
0.077515 0.075134 0.103665 0.115386 0.130889 0.099875 0.114512 0.086590 0.093908 0.102526 
