d_0 0.189306 0.000270 0.810424 
d_1 0.999445 0.000278 0.000278 
d_2 0.819708 0.180092 0.000200 
d_3 0.452296 0.000238 0.547466 
d_4 0.140452 0.000175 0.859372 
d_5 0.000256 0.102741 0.897002 
d_6 0.191580 0.191580 0.616840 
d_7 0.055787 0.583125 0.361088 
d_8 0.540882 0.065705 0.393413 
d_9 0.361088 0.472107 0.166805 
d_10 0.357117 0.642526 0.000357 
d_11 0.000227 0.590734 0.409039 
d_12 0.524496 0.311486 0.164018 
d_13 0.374974 0.624818 0.000208 
d_14 0.266711 0.733067 0.000222 
d_15 0.216311 0.783419 0.000270 
d_16 0.323538 0.676168 0.000294 
d_17 0.999311 0.000344 0.000344 
