d_0 0.297326 0.432352 0.270321 
d_1 0.805162 0.194560 0.000278 
d_2 0.699780 0.300020 0.000200 
d_3 0.428503 0.000238 0.571259 
d_4 0.245660 0.017710 0.736630 
d_5 0.000256 0.256469 0.743274 
d_6 0.425473 0.149054 0.425473 
d_7 0.250069 0.166805 0.583125 
d_8 0.524496 0.049320 0.426184 
d_9 0.416597 0.250069 0.333333 
d_10 0.178737 0.820906 0.000357 
d_11 0.113786 0.363616 0.522598 
d_12 0.475340 0.508111 0.016549 
d_13 0.562357 0.437435 0.000208 
d_14 0.155674 0.599822 0.244504 
d_15 0.108291 0.702403 0.189306 
d_16 0.205995 0.793711 0.000294 
d_17 0.723734 0.000344 0.275921 
