Document::0
0.153482 0.098777 0.105047 0.091885 0.083548 0.105015 0.086787 0.080153 0.109972 0.085334 
0.116334 0.117638 0.095424 0.086295 0.087577 0.100656 0.095422 0.091511 0.108494 0.100648 
0.111728 0.103984 0.090099 0.102471 0.094758 0.125677 0.096382 0.094734 0.086982 0.093185 
Document::1
0.153482 0.098777 0.105047 0.091885 0.083548 0.105015 0.086787 0.080153 0.109972 0.085334 
0.116336 0.117653 0.095428 0.086281 0.087577 0.100660 0.095421 0.091501 0.108487 0.100656 
0.111685 0.103856 0.090178 0.102534 0.094831 0.125712 0.096263 0.094901 0.086969 0.093070 
Document::2
0.132006 0.090834 0.095553 0.085647 0.112356 0.095528 0.081809 0.060325 0.181718 0.064225 
0.116338 0.117646 0.095426 0.086274 0.087583 0.100654 0.095424 0.091504 0.108496 0.100655 
0.111789 0.103878 0.090127 0.102275 0.094962 0.125794 0.096392 0.094843 0.086924 0.093015 
Document::3
0.116620 0.080247 0.069846 0.075664 0.084690 0.128103 0.057704 0.155281 0.145968 0.085878 
0.116329 0.117655 0.095433 0.086272 0.087577 0.100652 0.095422 0.091502 0.108502 0.100657 
0.112001 0.103885 0.090109 0.102374 0.094669 0.125559 0.096385 0.094739 0.087089 0.093191 
Document::4
0.111825 0.071968 0.076536 0.082912 0.060872 0.156339 0.111128 0.186121 0.080124 0.062174 
0.116334 0.117643 0.095432 0.086271 0.087590 0.100656 0.095422 0.091506 0.108493 0.100652 
0.111611 0.104071 0.090024 0.102655 0.094674 0.125723 0.096389 0.094744 0.086817 0.093292 
Document::5
0.133129 0.140573 0.085663 0.061998 0.056372 0.070857 0.206408 0.068867 0.118556 0.057578 
0.116368 0.117640 0.095420 0.086264 0.087582 0.100656 0.095440 0.091494 0.108488 0.100648 
0.111738 0.103994 0.090108 0.102480 0.094767 0.125689 0.096296 0.094743 0.086990 0.093194 
Document::6
0.155789 0.106289 0.082025 0.073522 0.153078 0.082004 0.084385 0.094256 0.113521 0.055132 
0.116351 0.117646 0.095419 0.086272 0.087581 0.100647 0.095430 0.091506 0.108493 0.100656 
0.111738 0.103994 0.090108 0.102480 0.094767 0.125689 0.096296 0.094743 0.086990 0.093194 
Document::7
0.155014 0.106666 0.092841 0.119941 0.093206 0.092812 0.076702 0.070839 0.116560 0.075419 
0.116342 0.117659 0.095413 0.086272 0.087572 0.100654 0.095443 0.091505 0.108498 0.100641 
0.111738 0.103994 0.090108 0.102480 0.094767 0.125689 0.096296 0.094743 0.086990 0.093194 
Document::8
0.153482 0.098777 0.105047 0.091885 0.083548 0.105015 0.086787 0.080153 0.109972 0.085334 
0.116346 0.117641 0.095427 0.086271 0.087585 0.100660 0.095421 0.091497 0.108501 0.100651 
0.111747 0.104022 0.090076 0.102323 0.094818 0.125853 0.096249 0.094793 0.086965 0.093154 
Document::9
0.153482 0.098777 0.105047 0.091885 0.083548 0.105015 0.086787 0.080153 0.109972 0.085334 
0.116357 0.117657 0.095417 0.086270 0.087588 0.100653 0.095419 0.091495 0.108490 0.100654 
0.111548 0.103823 0.090539 0.102313 0.094715 0.125558 0.096428 0.094973 0.086863 0.093240 
Document::10
0.159721 0.119864 0.092502 0.082912 0.076837 0.076513 0.095162 0.074364 0.080124 0.142000 
0.116338 0.117646 0.095426 0.086274 0.087583 0.100654 0.095424 0.091504 0.108496 0.100655 
0.111600 0.103784 0.090316 0.102653 0.094773 0.126171 0.096203 0.094749 0.086735 0.093015 
Document::11
0.154623 0.135347 0.087510 0.092654 0.061992 0.074611 0.063895 0.059996 0.090405 0.178967 
0.116336 0.117640 0.095430 0.086278 0.087579 0.100649 0.095428 0.091508 0.108495 0.100654 
0.111580 0.103846 0.090075 0.102713 0.094822 0.125606 0.096538 0.094703 0.086961 0.093156 
Document::12
0.220847 0.165681 0.048114 0.142451 0.038267 0.048100 0.039751 0.036712 0.050370 0.209707 
0.116338 0.117646 0.095426 0.086274 0.087583 0.100654 0.095424 0.091504 0.108496 0.100655 
0.111633 0.103990 0.090023 0.102478 0.094678 0.126044 0.096300 0.094653 0.086908 0.093295 
Document::13
0.251140 0.089768 0.212754 0.050137 0.045588 0.093171 0.047355 0.055692 0.071963 0.082432 
0.116335 0.117652 0.095428 0.086272 0.087581 0.100652 0.095422 0.091506 0.108494 0.100657 
0.111738 0.103994 0.090108 0.102480 0.094767 0.125689 0.096296 0.094743 0.086990 0.093194 
Document::14
0.412829 0.083759 0.176201 0.046781 0.042536 0.053466 0.044185 0.040808 0.055989 0.043446 
0.116338 0.117646 0.095426 0.086274 0.087583 0.100654 0.095424 0.091504 0.108496 0.100655 
0.111738 0.103994 0.090108 0.102480 0.094767 0.125689 0.096296 0.094743 0.086990 0.093194 
Document::15
0.141113 0.131111 0.096582 0.104627 0.076815 0.116699 0.079793 0.073694 0.101110 0.078458 
0.116338 0.117646 0.095426 0.086274 0.087583 0.100654 0.095424 0.091504 0.108496 0.100655 
0.111914 0.104108 0.089811 0.102885 0.094545 0.125804 0.096539 0.094426 0.086896 0.093072 
Document::16
0.389325 0.081719 0.060198 0.052655 0.060435 0.097851 0.049734 0.071046 0.063020 0.074016 
0.116336 0.117653 0.095425 0.086273 0.087582 0.100653 0.095423 0.091503 0.108495 0.100658 
0.111738 0.103994 0.090108 0.102480 0.094767 0.125689 0.096296 0.094743 0.086990 0.093194 
Document::17
0.317975 0.095475 0.124548 0.066042 0.048487 0.111812 0.050366 0.046516 0.089255 0.049523 
0.116335 0.117643 0.095424 0.086272 0.087586 0.100656 0.095427 0.091506 0.108494 0.100657 
0.111738 0.103994 0.090108 0.102480 0.094767 0.125689 0.096296 0.094743 0.086990 0.093194 
Document::18
0.243834 0.083914 0.179687 0.079122 0.058090 0.073016 0.060342 0.055729 0.106933 0.059332 
0.116333 0.117659 0.095423 0.086272 0.087585 0.100647 0.095417 0.091510 0.108497 0.100656 
0.111738 0.103994 0.090108 0.102480 0.094767 0.125689 0.096296 0.094743 0.086990 0.093194 
Document::19
0.159801 0.074260 0.145989 0.059260 0.054918 0.168794 0.045194 0.041739 0.182786 0.067259 
0.116339 0.117643 0.095424 0.086272 0.087586 0.100652 0.095422 0.091502 0.108498 0.100661 
0.111738 0.103994 0.090108 0.102480 0.094767 0.125689 0.096296 0.094743 0.086990 0.093194 
Document::20
0.244188 0.079094 0.111924 0.060217 0.069114 0.140624 0.099957 0.052528 0.086430 0.055924 
0.116329 0.117669 0.095424 0.086272 0.087577 0.100652 0.095417 0.091502 0.108498 0.100661 
0.111738 0.103994 0.090108 0.102480 0.094767 0.125689 0.096296 0.094743 0.086990 0.093194 
Document::21
0.153482 0.098777 0.105047 0.091885 0.083548 0.105015 0.086787 0.080153 0.109972 0.085334 
0.116331 0.117657 0.095425 0.086269 0.087591 0.100657 0.095419 0.091499 0.108495 0.100658 
0.112249 0.104446 0.089778 0.102563 0.094321 0.125285 0.096031 0.094862 0.086863 0.093603 
Document::22
0.172926 0.102266 0.075334 0.065895 0.075630 0.122454 0.077953 0.057481 0.173152 0.076911 
0.116335 0.117647 0.095420 0.086273 0.087582 0.100657 0.095423 0.091503 0.108494 0.100666 
0.111738 0.103994 0.090108 0.102480 0.094767 0.125689 0.096296 0.094743 0.086990 0.093194 
Document::23
0.143592 0.111016 0.153895 0.067765 0.075849 0.153876 0.051681 0.060779 0.130731 0.050816 
0.116334 0.117647 0.095428 0.086271 0.087581 0.100665 0.095422 0.091502 0.108493 0.100657 
0.111738 0.103994 0.090108 0.102480 0.094767 0.125689 0.096296 0.094743 0.086990 0.093194 
Document::24
0.093469 0.064316 0.091012 0.119030 0.056201 0.172737 0.151345 0.066069 0.128669 0.057153 
0.116333 0.117646 0.095432 0.086271 0.087584 0.100655 0.095421 0.091501 0.108492 0.100665 
0.111738 0.103994 0.090108 0.102480 0.094767 0.125689 0.096296 0.094743 0.086990 0.093194 
Document::25
0.170250 0.116155 0.120582 0.064875 0.058989 0.136030 0.076747 0.056592 0.124059 0.075721 
0.116342 0.117637 0.095416 0.086269 0.087578 0.100656 0.095427 0.091512 0.108506 0.100657 
0.111738 0.103994 0.090108 0.102480 0.094767 0.125689 0.096296 0.094743 0.086990 0.093194 
Document::26
0.091397 0.071870 0.101701 0.211301 0.088898 0.101681 0.129973 0.047730 0.104633 0.050816 
0.116329 0.117646 0.095437 0.086268 0.087595 0.100647 0.095417 0.091515 0.108493 0.100652 
0.111475 0.103843 0.090368 0.102522 0.094733 0.125392 0.096069 0.095086 0.087162 0.093352 
Document::27
0.121950 0.114386 0.103509 0.109593 0.073325 0.118722 0.075577 0.086201 0.122169 0.074568 
0.116337 0.117641 0.095432 0.086271 0.087581 0.100655 0.095425 0.091506 0.108501 0.100651 
0.111738 0.103994 0.090108 0.102480 0.094767 0.125689 0.096296 0.094743 0.086990 0.093194 
Document::28
0.134797 0.104216 0.058723 0.088114 0.107952 0.107703 0.085264 0.069306 0.196221 0.047703 
0.116338 0.117646 0.095426 0.086274 0.087583 0.100654 0.095424 0.091504 0.108496 0.100655 
0.111738 0.103994 0.090108 0.102480 0.094767 0.125689 0.096296 0.094743 0.086990 0.093194 
Document::29
0.141632 0.092132 0.082025 0.115993 0.082292 0.096161 0.126856 0.065942 0.141835 0.055132 
0.116337 0.117645 0.095426 0.086270 0.087579 0.100663 0.095420 0.091500 0.108500 0.100659 
0.111738 0.103994 0.090108 0.102480 0.094767 0.125689 0.096296 0.094743 0.086990 0.093194 
Document::30
0.116824 0.075994 0.079335 0.107353 0.102910 0.102673 0.069604 0.089423 0.198733 0.057153 
0.116338 0.117646 0.095426 0.086274 0.087583 0.100654 0.095424 0.091504 0.108496 0.100655 
0.111738 0.103994 0.090108 0.102480 0.094767 0.125689 0.096296 0.094743 0.086990 0.093194 
Document::31
0.185722 0.085213 0.074168 0.080346 0.136345 0.089617 0.076747 0.103005 0.077645 0.091192 
0.116353 0.117643 0.095426 0.086275 0.087584 0.100645 0.095416 0.091500 0.108504 0.100654 
0.111738 0.103994 0.090108 0.102480 0.094767 0.125689 0.096296 0.094743 0.086990 0.093194 
Document::32
0.187671 0.093932 0.098812 0.088568 0.099133 0.098787 0.067545 0.079437 0.119699 0.066415 
0.116335 0.117639 0.095430 0.086265 0.087583 0.100658 0.095437 0.091495 0.108499 0.100658 
0.111738 0.103994 0.090108 0.102480 0.094767 0.125689 0.096296 0.094743 0.086990 0.093194 
Document::33
0.133071 0.085641 0.091077 0.079665 0.072437 0.110048 0.075245 0.088492 0.190339 0.073986 
0.116338 0.117646 0.095426 0.086274 0.087583 0.100654 0.095424 0.091504 0.108496 0.100655 
0.111738 0.103994 0.090108 0.102480 0.094767 0.125689 0.096296 0.094743 0.086990 0.093194 
