d_0 0.000624 0.936369 0.063007 
d_1 0.000238 0.666429 0.333333 
d_2 0.326092 0.000217 0.673691 
d_3 0.459924 0.320008 0.220068 
d_4 0.386328 0.136498 0.477175 
d_5 0.379287 0.620541 0.000172 
d_6 0.595051 0.404711 0.000238 
d_7 0.105383 0.894442 0.000175 
d_8 0.000227 0.409039 0.590734 
d_9 0.000204 0.448909 0.550887 
d_10 0.354154 0.000208 0.645638 
d_11 0.551611 0.189729 0.258659 
d_12 0.843511 0.000156 0.156333 
d_13 0.883337 0.116430 0.000232 
d_14 0.999546 0.000227 0.000227 
d_15 0.080152 0.000200 0.919648 
d_16 0.918445 0.081285 0.000270 
d_17 0.867999 0.131738 0.000263 
d_18 0.540373 0.459357 0.000270 
d_19 0.893260 0.106528 0.000213 
d_20 0.599800 0.399950 0.000250 
d_21 0.000159 0.206410 0.793432 
d_22 0.562285 0.437402 0.000312 
d_23 0.837429 0.162301 0.000270 
d_24 0.833021 0.166771 0.000208 
d_25 0.431751 0.568022 0.000227 
d_26 0.430515 0.222268 0.347216 
d_27 0.526164 0.473573 0.000263 
d_28 0.999445 0.000278 0.000278 
d_29 0.713959 0.285755 0.000285 
d_30 0.999500 0.000250 0.000250 
d_31 0.379972 0.619828 0.000200 
d_32 0.371396 0.628319 0.000285 
d_33 0.997155 0.001422 0.001422 
