d_0 0.000624 0.749220 0.250156 
d_1 0.214371 0.785391 0.000238 
d_2 0.217467 0.000217 0.782316 
d_3 0.579852 0.220068 0.200080 
d_4 0.727004 0.045651 0.227345 
d_5 0.448216 0.551611 0.000172 
d_6 0.595051 0.404711 0.000238 
d_7 0.087849 0.911976 0.000175 
d_8 0.000227 0.340904 0.658869 
d_9 0.081787 0.408117 0.510096 
d_10 0.250052 0.000208 0.749740 
d_11 0.413752 0.224194 0.362054 
d_12 0.531157 0.000156 0.468687 
d_13 0.743900 0.255868 0.000232 
d_14 0.931410 0.068362 0.000227 
d_15 0.180092 0.000200 0.819708 
d_16 0.918445 0.081285 0.000270 
d_17 0.789114 0.210623 0.000263 
d_18 0.567378 0.432352 0.000270 
d_19 0.744418 0.255369 0.000213 
d_20 0.574819 0.424931 0.000250 
d_21 0.111217 0.301602 0.587181 
d_22 0.624727 0.374961 0.000312 
d_23 0.621388 0.378342 0.000270 
d_24 0.812201 0.187591 0.000208 
d_25 0.658869 0.136498 0.204633 
d_26 0.347216 0.111204 0.541580 
d_27 0.552459 0.447278 0.000263 
d_28 0.999445 0.000278 0.000278 
d_29 0.599772 0.399943 0.000285 
d_30 0.999500 0.000250 0.000250 
d_31 0.399960 0.599840 0.000200 
d_32 0.428490 0.571225 0.000285 
d_33 0.997155 0.001422 0.001422 
