Document::0
0.151217 0.089309 0.099264 0.080710 0.094120 0.111037 0.090645 0.084956 0.121304 0.077438 
0.116495 0.118440 0.098544 0.089989 0.094267 0.113023 0.097005 0.080758 0.099519 0.091961 
0.113462 0.102905 0.088747 0.107662 0.083323 0.117140 0.102816 0.102616 0.095307 0.086023 
Document::1
0.144108 0.112869 0.081668 0.066404 0.097132 0.111050 0.074577 0.109288 0.119497 0.083407 
0.120117 0.121966 0.096051 0.087915 0.091983 0.109822 0.094587 0.079136 0.108634 0.089790 
0.115316 0.100501 0.090197 0.109421 0.084684 0.119054 0.096326 0.104292 0.092779 0.087429 
Document::2
0.122010 0.072059 0.080091 0.065121 0.133886 0.089590 0.092452 0.068547 0.213765 0.062481 
0.114975 0.122029 0.099005 0.077564 0.097123 0.111398 0.099944 0.080680 0.102535 0.094747 
0.118338 0.098300 0.085756 0.098954 0.088072 0.118036 0.091099 0.108728 0.105813 0.086904 
Document::3
0.103384 0.123362 0.072719 0.047638 0.140331 0.122057 0.067632 0.092533 0.142247 0.088096 
0.116781 0.128559 0.103700 0.075468 0.094498 0.113301 0.097243 0.078499 0.099764 0.092187 
0.126489 0.096557 0.090581 0.105126 0.089210 0.114382 0.092546 0.104124 0.093063 0.087922 
Document::4
0.099180 0.172566 0.096872 0.045701 0.053294 0.103538 0.119102 0.183656 0.082242 0.043848 
0.114397 0.121416 0.101020 0.079687 0.096635 0.110838 0.099442 0.080274 0.102020 0.094271 
0.114715 0.100482 0.098430 0.109051 0.085285 0.114382 0.096470 0.104124 0.089138 0.087922 
Document::5
0.122716 0.084557 0.061183 0.049747 0.058012 0.083194 0.247688 0.096629 0.148544 0.047730 
0.122734 0.112905 0.096275 0.071765 0.092198 0.105405 0.127520 0.074648 0.099542 0.097009 
0.115316 0.100501 0.090197 0.109421 0.084684 0.119054 0.096326 0.104292 0.092779 0.087429 
Document::6
0.154506 0.100800 0.062099 0.065468 0.208642 0.084440 0.101636 0.068124 0.105840 0.048445 
0.122349 0.121849 0.097351 0.079214 0.093125 0.106812 0.105516 0.077359 0.100736 0.095690 
0.115316 0.100501 0.090197 0.109421 0.084684 0.119054 0.096326 0.104292 0.092779 0.087429 
Document::7
0.156432 0.101142 0.088652 0.072082 0.105438 0.099167 0.080955 0.075874 0.151097 0.069160 
0.106093 0.125722 0.096442 0.073025 0.094778 0.109628 0.103969 0.082476 0.112955 0.094911 
0.115316 0.100501 0.090197 0.109421 0.084684 0.119054 0.096326 0.104292 0.092779 0.087429 
Document::8
0.151217 0.089309 0.099264 0.080710 0.094120 0.111037 0.090645 0.084956 0.121304 0.077438 
0.122944 0.122442 0.097824 0.074733 0.098445 0.112198 0.098730 0.077735 0.103659 0.091289 
0.106755 0.097161 0.087948 0.101484 0.086672 0.117401 0.093428 0.111507 0.093909 0.103734 
Document::9
0.159850 0.081504 0.112436 0.073657 0.107742 0.123181 0.082724 0.077532 0.110704 0.070671 
0.133486 0.120970 0.096649 0.073835 0.099665 0.108446 0.102351 0.076801 0.097605 0.090192 
0.123163 0.094895 0.089252 0.102988 0.084250 0.111729 0.109639 0.109454 0.095301 0.079328 
Document::10
0.154665 0.087975 0.095709 0.062699 0.110309 0.104855 0.070417 0.084594 0.094234 0.134544 
0.114975 0.122029 0.099005 0.077564 0.097123 0.111398 0.099944 0.080680 0.102535 0.094747 
0.104094 0.094739 0.089317 0.134565 0.073828 0.142964 0.091099 0.105167 0.084446 0.079781 
Document::11
0.202466 0.071925 0.078247 0.066464 0.059776 0.116132 0.087977 0.053956 0.092245 0.170812 
0.116210 0.118150 0.100748 0.079989 0.103816 0.107857 0.101658 0.080560 0.099276 0.091736 
0.109968 0.096323 0.086833 0.123349 0.085518 0.128459 0.100002 0.096053 0.089211 0.084284 
Document::12
0.215338 0.102025 0.081118 0.057692 0.051887 0.061214 0.049972 0.046835 0.066874 0.267045 
0.114975 0.122029 0.099005 0.077564 0.097123 0.111398 0.099944 0.080680 0.102535 0.094747 
0.120922 0.089530 0.080350 0.119309 0.079078 0.153363 0.093088 0.096546 0.082651 0.085162 
Document::13
0.275396 0.091235 0.178203 0.045701 0.053294 0.089983 0.051327 0.048105 0.068687 0.098069 
0.111867 0.126102 0.101243 0.077925 0.104327 0.108387 0.097243 0.078499 0.099764 0.094644 
0.115316 0.100501 0.090197 0.109421 0.084684 0.119054 0.096326 0.104292 0.092779 0.087429 
Document::14
0.438752 0.045071 0.182989 0.040732 0.047499 0.056037 0.045746 0.042875 0.061218 0.039080 
0.114110 0.121112 0.105779 0.076981 0.096393 0.110560 0.099193 0.080073 0.101764 0.094035 
0.115316 0.100501 0.090197 0.109421 0.084684 0.119054 0.096326 0.104292 0.092779 0.087429 
Document::15
0.163804 0.073478 0.121059 0.066404 0.077436 0.170137 0.074577 0.069897 0.119497 0.063711 
0.114975 0.122029 0.099005 0.077564 0.097123 0.111398 0.099944 0.080680 0.102535 0.094747 
0.126765 0.117574 0.080757 0.118216 0.072536 0.129966 0.100002 0.089331 0.086468 0.078386 
Document::16
0.426495 0.075630 0.054723 0.044495 0.051887 0.087608 0.049972 0.086427 0.066874 0.055888 
0.114110 0.128631 0.098260 0.076981 0.096393 0.110560 0.099193 0.080073 0.101764 0.094035 
0.115316 0.100501 0.090197 0.109421 0.084684 0.119054 0.096326 0.104292 0.092779 0.087429 
Document::17
0.338802 0.093778 0.099571 0.046975 0.054779 0.120356 0.052757 0.049446 0.098467 0.045070 
0.112698 0.119613 0.097044 0.076028 0.107577 0.109192 0.097965 0.081558 0.102980 0.095347 
0.115316 0.100501 0.090197 0.109421 0.084684 0.119054 0.096326 0.104292 0.092779 0.087429 
Document::18
0.212142 0.059432 0.145708 0.053710 0.126355 0.073891 0.076251 0.056535 0.128515 0.067462 
0.110509 0.126999 0.097587 0.074552 0.100633 0.111926 0.096063 0.082401 0.103408 0.095922 
0.115316 0.100501 0.090197 0.109421 0.084684 0.119054 0.096326 0.104292 0.092779 0.087429 
Document::19
0.186482 0.061619 0.119137 0.043915 0.077262 0.164620 0.062346 0.046225 0.183232 0.055160 
0.114044 0.120891 0.098544 0.075283 0.101620 0.113023 0.099456 0.078307 0.101970 0.096863 
0.115316 0.100501 0.090197 0.109421 0.084684 0.119054 0.096326 0.104292 0.092779 0.087429 
Document::20
0.251908 0.057597 0.110332 0.052051 0.076138 0.148802 0.073897 0.054789 0.124546 0.049941 
0.110242 0.136377 0.097351 0.074371 0.093125 0.118919 0.095830 0.077359 0.098314 0.098111 
0.115316 0.100501 0.090197 0.109421 0.084684 0.119054 0.096326 0.104292 0.092779 0.087429 
Document::21
0.150017 0.076491 0.167030 0.069127 0.101115 0.115604 0.077636 0.072763 0.103894 0.066324 
0.121759 0.126081 0.096881 0.074013 0.095086 0.113527 0.097778 0.076986 0.100250 0.097639 
0.139209 0.129888 0.081903 0.105700 0.073566 0.106972 0.090776 0.094148 0.087695 0.090144 
Document::22
0.167012 0.060394 0.067125 0.054579 0.079835 0.123652 0.109862 0.073638 0.179160 0.084743 
0.111593 0.130695 0.100995 0.075283 0.094267 0.115474 0.101907 0.078307 0.099519 0.091961 
0.115316 0.100501 0.090197 0.109421 0.084684 0.119054 0.096326 0.104292 0.092779 0.087429 
Document::23
0.128399 0.073035 0.141209 0.067490 0.076138 0.179679 0.058458 0.070228 0.155423 0.049941 
0.113488 0.122740 0.102941 0.074915 0.098685 0.114911 0.096531 0.080364 0.101473 0.093951 
0.115316 0.100501 0.090197 0.109421 0.084684 0.119054 0.096326 0.104292 0.092779 0.087429 
Document::24
0.090585 0.058568 0.088477 0.116023 0.048675 0.193609 0.145922 0.068697 0.149397 0.040048 
0.112419 0.121786 0.101743 0.075840 0.094965 0.116330 0.097723 0.081356 0.105195 0.092642 
0.115316 0.100501 0.090197 0.109421 0.084684 0.119054 0.096326 0.104292 0.092779 0.087429 
Document::25
0.131643 0.052714 0.115108 0.075898 0.069683 0.122057 0.124151 0.120793 0.142247 0.045707 
0.113258 0.120208 0.097527 0.078894 0.095674 0.109735 0.100940 0.079476 0.108468 0.095821 
0.115167 0.096938 0.090938 0.117361 0.081681 0.114833 0.096851 0.112414 0.089489 0.084328 
Document::26
0.094601 0.055871 0.077075 0.290110 0.088833 0.099417 0.071683 0.053148 0.120816 0.048445 
0.112698 0.124563 0.097044 0.076028 0.095200 0.114142 0.097965 0.086508 0.102980 0.092871 
0.102993 0.093738 0.105990 0.094385 0.094188 0.109741 0.086613 0.128719 0.101171 0.082462 
Document::27
0.164351 0.123153 0.081986 0.085570 0.110424 0.089821 0.076251 0.072465 0.128515 0.067462 
0.112663 0.117006 0.094929 0.074371 0.102811 0.116498 0.095830 0.089466 0.098314 0.098111 
0.115316 0.100501 0.090197 0.109421 0.084684 0.119054 0.096326 0.104292 0.092779 0.087429 
Document::28
0.094079 0.086543 0.053316 0.081925 0.127701 0.123929 0.074403 0.097063 0.219450 0.041593 
0.114975 0.122029 0.099005 0.077564 0.097123 0.111398 0.099944 0.080680 0.102535 0.094747 
0.115316 0.100501 0.090197 0.109421 0.084684 0.119054 0.096326 0.104292 0.092779 0.087429 
Document::29
0.148421 0.059432 0.081986 0.133362 0.078563 0.121682 0.108112 0.088396 0.128515 0.051532 
0.113488 0.117862 0.098063 0.074915 0.098685 0.114911 0.101410 0.080364 0.103912 0.096390 
0.115316 0.100501 0.090197 0.109421 0.084684 0.119054 0.096326 0.104292 0.092779 0.087429 
Document::30
0.101706 0.082310 0.062937 0.090146 0.096996 0.130096 0.119679 0.092315 0.184257 0.039558 
0.114975 0.122029 0.099005 0.077564 0.097123 0.111398 0.099944 0.080680 0.102535 0.094747 
0.115316 0.100501 0.090197 0.109421 0.084684 0.119054 0.096326 0.104292 0.092779 0.087429 
Document::31
0.167012 0.076582 0.083314 0.070767 0.209342 0.075087 0.077486 0.089827 0.098218 0.052366 
0.116267 0.120478 0.101422 0.079144 0.090283 0.110595 0.097601 0.082041 0.104704 0.097465 
0.115316 0.100501 0.090197 0.109421 0.084684 0.119054 0.096326 0.104292 0.092779 0.087429 
Document::32
0.181720 0.065713 0.090651 0.112228 0.104480 0.099314 0.066696 0.062510 0.159711 0.056978 
0.111851 0.120970 0.099053 0.073835 0.094858 0.110850 0.099947 0.079205 0.112029 0.097404 
0.115316 0.100501 0.090197 0.109421 0.084684 0.119054 0.096326 0.104292 0.092779 0.087429 
Document::33
0.129514 0.096994 0.085017 0.069127 0.080611 0.115604 0.098139 0.093266 0.165404 0.066324 
0.114975 0.122029 0.099005 0.077564 0.097123 0.111398 0.099944 0.080680 0.102535 0.094747 
0.115316 0.100501 0.090197 0.109421 0.084684 0.119054 0.096326 0.104292 0.092779 0.087429 
