d_0 0.000624 0.998752 0.000624 
d_1 0.142993 0.856769 0.000238 
d_2 0.130567 0.000217 0.869216 
d_3 0.699780 0.160104 0.140116 
d_4 0.840563 0.000227 0.159210 
d_5 0.413752 0.586076 0.000172 
d_6 0.309541 0.690221 0.000238 
d_7 0.228126 0.771699 0.000175 
d_8 0.000227 0.295480 0.704293 
d_9 0.000204 0.530492 0.469305 
d_10 0.125130 0.104310 0.770560 
d_11 0.396519 0.603309 0.000172 
d_12 0.499922 0.000156 0.499922 
d_13 0.627702 0.372066 0.000232 
d_14 0.772428 0.227345 0.000227 
d_15 0.000200 0.280032 0.719768 
d_16 0.864434 0.108291 0.027275 
d_17 0.683934 0.315803 0.000263 
d_18 0.459357 0.540373 0.000270 
d_19 0.701892 0.297895 0.000213 
d_20 0.499875 0.449913 0.050212 
d_21 0.000159 0.412661 0.587181 
d_22 0.468623 0.531065 0.000312 
d_23 0.378342 0.621388 0.000270 
d_24 0.812201 0.187591 0.000208 
d_25 0.454463 0.000227 0.545310 
d_26 0.305567 0.291684 0.402749 
d_27 0.526164 0.289508 0.184328 
d_28 0.888426 0.111296 0.000278 
d_29 0.599772 0.399943 0.000285 
d_30 0.849613 0.000250 0.150137 
d_31 0.399960 0.599840 0.000200 
d_32 0.399943 0.599772 0.000285 
d_33 0.997155 0.001422 0.001422 
