Document::0
0.143712 0.084749 0.091675 0.096652 0.094358 0.103349 0.087019 0.083829 0.120732 0.093924 
0.101847 0.090045 0.083431 0.165782 0.084769 0.083975 0.097330 0.102687 0.089605 0.100529 
0.126856 0.096150 0.094173 0.116834 0.093411 0.124698 0.079389 0.084618 0.094421 0.089450 
Document::1
0.146698 0.073724 0.101431 0.105761 0.103765 0.089904 0.119062 0.072924 0.105026 0.081705 
0.121829 0.112430 0.066446 0.142210 0.108228 0.077058 0.067336 0.071603 0.132438 0.100422 
0.126856 0.096150 0.094173 0.116834 0.093411 0.124698 0.079389 0.084618 0.094421 0.089450 
Document::2
0.125016 0.073724 0.079749 0.084079 0.103765 0.089904 0.075698 0.072924 0.191753 0.103387 
0.095895 0.113193 0.104879 0.079864 0.106560 0.089496 0.106283 0.080884 0.112639 0.110306 
0.152059 0.084299 0.127769 0.086832 0.120782 0.111936 0.065422 0.088568 0.089433 0.072899 
Document::3
0.116690 0.125134 0.062275 0.064933 0.077019 0.121756 0.099723 0.058084 0.170976 0.103411 
0.084973 0.157249 0.092934 0.070768 0.108661 0.079302 0.122652 0.071672 0.114047 0.097742 
0.152205 0.090668 0.105094 0.110173 0.088085 0.117588 0.074862 0.079794 0.089037 0.092495 
Document::4
0.100697 0.121889 0.047693 0.089182 0.075022 0.092666 0.123070 0.212176 0.088743 0.048863 
0.095895 0.113193 0.104879 0.079864 0.106560 0.089496 0.106283 0.080884 0.112639 0.110306 
0.119623 0.090668 0.096949 0.118318 0.096230 0.117588 0.074862 0.087939 0.105328 0.092495 
Document::5
0.121113 0.177791 0.072958 0.060476 0.090232 0.080262 0.132425 0.068048 0.122330 0.074364 
0.134752 0.083595 0.088608 0.072431 0.079305 0.078660 0.214205 0.052309 0.083236 0.112899 
0.126856 0.096150 0.094173 0.116834 0.093411 0.124698 0.079389 0.084618 0.094421 0.089450 
Document::6
0.183841 0.158133 0.088065 0.072999 0.071267 0.096882 0.065723 0.063315 0.128836 0.070939 
0.120216 0.110096 0.071544 0.054480 0.094611 0.072010 0.236904 0.055176 0.087798 0.097166 
0.126856 0.096150 0.094173 0.116834 0.093411 0.124698 0.079389 0.084618 0.094421 0.089450 
Document::7
0.127367 0.120483 0.069240 0.072999 0.108916 0.115707 0.065723 0.063315 0.147661 0.108588 
0.065592 0.151028 0.061443 0.084439 0.081253 0.090081 0.137567 0.066211 0.131878 0.130510 
0.126856 0.096150 0.094173 0.116834 0.093411 0.124698 0.079389 0.084618 0.094421 0.089450 
Document::8
0.143712 0.084749 0.091675 0.096652 0.094358 0.103349 0.087019 0.083829 0.120732 0.093924 
0.132489 0.106927 0.086758 0.079356 0.088149 0.087323 0.101210 0.080200 0.133050 0.104538 
0.113689 0.075841 0.115163 0.112597 0.100935 0.132427 0.083061 0.094000 0.074477 0.097810 
Document::9
0.143712 0.084749 0.091675 0.096652 0.094358 0.103349 0.087019 0.083829 0.120732 0.093924 
0.203632 0.102506 0.107974 0.056332 0.097828 0.063126 0.097632 0.079717 0.090783 0.100469 
0.127449 0.080214 0.092977 0.119089 0.092341 0.111236 0.087850 0.113832 0.085977 0.089036 
Document::10
0.146698 0.073724 0.079749 0.084079 0.082083 0.111586 0.075698 0.072924 0.105026 0.168432 
0.088764 0.104776 0.097080 0.073925 0.098637 0.097713 0.128124 0.089742 0.104263 0.116975 
0.096131 0.072862 0.097548 0.147451 0.083879 0.179593 0.079799 0.090308 0.071552 0.080877 
Document::11
0.186401 0.053869 0.089956 0.061435 0.075819 0.065691 0.055311 0.069126 0.092583 0.249809 
0.071663 0.072451 0.108265 0.081970 0.181328 0.067567 0.098880 0.072339 0.154367 0.091170 
0.126856 0.096150 0.094173 0.116834 0.093411 0.124698 0.079389 0.084618 0.094421 0.089450 
Document::12
0.232468 0.061012 0.092596 0.067634 0.052492 0.057493 0.062274 0.046635 0.081030 0.246367 
0.095895 0.113193 0.104879 0.079864 0.106560 0.089496 0.106283 0.080884 0.112639 0.110306 
0.146757 0.075328 0.087314 0.118603 0.079949 0.199205 0.062197 0.066294 0.080740 0.083614 
Document::13
0.294480 0.050658 0.188883 0.057773 0.056402 0.076675 0.052015 0.050109 0.072167 0.100837 
0.089066 0.115608 0.108994 0.063532 0.174237 0.083975 0.084548 0.064344 0.115167 0.100529 
0.126856 0.096150 0.094173 0.116834 0.093411 0.124698 0.079389 0.084618 0.094421 0.089450 
Document::14
0.482531 0.045874 0.103589 0.052317 0.051076 0.055942 0.047103 0.045376 0.065352 0.050840 
0.082620 0.097524 0.131889 0.068809 0.091810 0.077107 0.091571 0.069688 0.097047 0.191936 
0.126856 0.096150 0.094173 0.116834 0.093411 0.124698 0.079389 0.084618 0.094421 0.089450 
Document::15
0.143712 0.084749 0.091675 0.096652 0.094358 0.103349 0.087019 0.083829 0.120732 0.093924 
0.078286 0.105524 0.138086 0.143898 0.086993 0.073061 0.086766 0.066031 0.105072 0.116283 
0.142889 0.119466 0.085013 0.141833 0.077842 0.141242 0.067146 0.077725 0.072023 0.074821 
Document::16
0.440450 0.047146 0.050999 0.053768 0.052492 0.085224 0.048409 0.074366 0.067164 0.079981 
0.090104 0.151648 0.098546 0.075041 0.115222 0.084091 0.099865 0.076000 0.105837 0.103645 
0.125770 0.095327 0.093366 0.115834 0.092611 0.132194 0.078709 0.083894 0.093612 0.088684 
Document::17
0.344304 0.051425 0.100998 0.058647 0.057255 0.123205 0.052802 0.050866 0.103506 0.056991 
0.093864 0.094897 0.087926 0.066955 0.183625 0.075030 0.089104 0.067810 0.121372 0.119416 
0.126856 0.096150 0.094173 0.116834 0.093411 0.124698 0.079389 0.084618 0.094421 0.089450 
Document::18
0.223487 0.077033 0.116911 0.067888 0.083783 0.072591 0.061121 0.093894 0.137321 0.065971 
0.109053 0.122144 0.103692 0.060442 0.104965 0.092050 0.092596 0.073374 0.109565 0.132118 
0.126856 0.096150 0.094173 0.116834 0.093411 0.124698 0.079389 0.084618 0.094421 0.089450 
Document::19
0.160909 0.073853 0.118681 0.066709 0.051774 0.138762 0.061423 0.045997 0.216680 0.065211 
0.091402 0.092408 0.124969 0.065199 0.139459 0.073061 0.086766 0.079148 0.144421 0.103167 
0.126856 0.096150 0.094173 0.116834 0.093411 0.124698 0.079389 0.084618 0.094421 0.089450 
Document::20
0.262234 0.056557 0.077812 0.081133 0.079602 0.135501 0.058071 0.055943 0.097203 0.095945 
0.074383 0.137652 0.143665 0.061948 0.082656 0.106807 0.082441 0.075202 0.087371 0.147874 
0.124702 0.103009 0.092574 0.123342 0.091824 0.122580 0.078041 0.083181 0.092817 0.087931 
Document::21
0.143712 0.084749 0.091675 0.096652 0.094358 0.103349 0.087019 0.083829 0.120732 0.093924 
0.124303 0.147837 0.096642 0.056332 0.109160 0.074458 0.086300 0.079717 0.102115 0.123135 
0.168137 0.144868 0.071364 0.127813 0.070787 0.107588 0.066707 0.070670 0.071552 0.100515 
Document::22
0.177171 0.061687 0.066728 0.070351 0.086823 0.075225 0.117764 0.079159 0.178587 0.086506 
0.087942 0.164629 0.158098 0.062730 0.083699 0.082915 0.108721 0.063532 0.088474 0.099261 
0.126856 0.096150 0.094173 0.116834 0.093411 0.124698 0.079389 0.084618 0.094421 0.089450 
Document::23
0.161968 0.062827 0.104915 0.108604 0.106904 0.095092 0.064509 0.099099 0.126456 0.069628 
0.070020 0.094382 0.217359 0.058315 0.101271 0.065347 0.077605 0.070791 0.082246 0.162663 
0.126856 0.096150 0.094173 0.116834 0.093411 0.124698 0.079389 0.084618 0.094421 0.089450 
Document::24
0.085513 0.080892 0.109681 0.137483 0.047848 0.153517 0.094681 0.067786 0.162332 0.060266 
0.083780 0.126967 0.119703 0.069775 0.093098 0.092226 0.092856 0.084703 0.140520 0.096370 
0.126856 0.096150 0.094173 0.116834 0.093411 0.124698 0.079389 0.084618 0.094421 0.089450 
Document::25
0.112538 0.056557 0.061179 0.131032 0.062969 0.168767 0.174502 0.055943 0.113836 0.062679 
0.095895 0.113193 0.104879 0.079864 0.106560 0.089496 0.106283 0.080884 0.112639 0.110306 
0.126537 0.093949 0.078002 0.139701 0.098835 0.103285 0.087221 0.077243 0.078207 0.117019 
Document::26
0.092817 0.054736 0.075307 0.126813 0.238014 0.131138 0.056202 0.054142 0.110171 0.060661 
0.071702 0.120677 0.078420 0.059716 0.103704 0.126985 0.103497 0.120546 0.120263 0.094491 
0.129075 0.076889 0.075308 0.100338 0.116145 0.099718 0.063486 0.122929 0.130768 0.085346 
Document::27
0.095905 0.123088 0.077812 0.114399 0.112868 0.085602 0.074704 0.122475 0.130469 0.062679 
0.081492 0.109847 0.089127 0.067869 0.117864 0.089708 0.117628 0.109697 0.109376 0.107392 
0.127768 0.098813 0.088803 0.118318 0.088085 0.125733 0.074862 0.079794 0.113474 0.084349 
Document::28
0.093813 0.061012 0.050999 0.109230 0.107954 0.126821 0.090005 0.046635 0.247415 0.066116 
0.090104 0.106358 0.098546 0.075041 0.100126 0.084091 0.114962 0.106193 0.120934 0.103645 
0.126856 0.096150 0.094173 0.116834 0.093411 0.124698 0.079389 0.084618 0.094421 0.089450 
Document::29
0.143418 0.055631 0.076539 0.177971 0.127382 0.100562 0.073482 0.055028 0.128334 0.061654 
0.091402 0.092408 0.124969 0.065199 0.100109 0.086178 0.112999 0.092264 0.118188 0.116283 
0.126856 0.096150 0.094173 0.116834 0.093411 0.124698 0.079389 0.084618 0.094421 0.089450 
Document::30
0.118264 0.045874 0.076606 0.187231 0.078058 0.109907 0.047103 0.112833 0.159791 0.064332 
0.095895 0.113193 0.104879 0.079864 0.106560 0.089496 0.106283 0.080884 0.112639 0.110306 
0.120605 0.091412 0.114170 0.111077 0.097020 0.126766 0.075477 0.080449 0.097980 0.085042 
Document::31
0.112538 0.056557 0.077812 0.114399 0.279197 0.068969 0.058071 0.072576 0.080570 0.079312 
0.108071 0.119744 0.103292 0.064731 0.082744 0.071229 0.093398 0.065419 0.195259 0.096113 
0.126856 0.096150 0.094173 0.116834 0.093411 0.124698 0.079389 0.084618 0.094421 0.089450 
Document::32
0.143491 0.062827 0.104915 0.090128 0.088427 0.095092 0.082986 0.080622 0.163409 0.088105 
0.083716 0.096650 0.078420 0.059716 0.115717 0.078931 0.091483 0.084506 0.180330 0.130531 
0.126856 0.096150 0.094173 0.116834 0.093411 0.124698 0.079389 0.084618 0.094421 0.089450 
Document::33
0.143585 0.072160 0.078057 0.082294 0.080341 0.087996 0.074092 0.113820 0.187684 0.079971 
0.095895 0.113193 0.104879 0.079864 0.106560 0.089496 0.106283 0.080884 0.112639 0.110306 
0.126856 0.096150 0.094173 0.116834 0.093411 0.124698 0.079389 0.084618 0.094421 0.089450 
