d_0 0.000285 0.628319 0.371396 
d_1 0.000238 0.452296 0.547466 
d_2 0.093862 0.312510 0.593628 
d_3 0.000167 0.616525 0.383308 
d_4 0.000172 0.603309 0.396519 
d_5 0.000178 0.678387 0.321435 
d_6 0.000200 0.739756 0.260044 
d_7 0.000149 0.731165 0.268686 
d_8 0.000182 0.145557 0.854261 
d_9 0.297895 0.021476 0.680629 
d_10 0.000263 0.420983 0.578754 
d_11 0.054697 0.345448 0.599855 
d_12 0.200100 0.000250 0.799650 
d_13 0.000217 0.065392 0.934391 
d_14 0.000244 0.146478 0.853278 
d_15 0.209389 0.000232 0.790379 
d_16 0.749653 0.000278 0.250069 
d_17 0.666429 0.000238 0.333333 
d_18 0.853278 0.000244 0.146478 
d_19 0.962613 0.037202 0.000185 
d_20 0.882030 0.117774 0.000196 
d_21 0.894294 0.105443 0.000263 
d_22 0.321435 0.642691 0.035874 
d_23 0.155265 0.844563 0.000172 
d_24 0.999412 0.000294 0.000294 
d_25 0.483725 0.515952 0.000322 
