Document::0
0.085548 0.085716 0.087076 0.131384 0.105836 0.085574 0.085266 0.134436 0.084228 0.114936 
0.118481 0.089653 0.105664 0.065662 0.121194 0.083586 0.098677 0.101734 0.114737 0.100611 
0.120475 0.117799 0.076309 0.105760 0.095040 0.091037 0.121808 0.078985 0.085690 0.107097 
Document::1
0.085548 0.085716 0.087076 0.131384 0.105836 0.085574 0.085266 0.134436 0.084228 0.114936 
0.100711 0.146587 0.076672 0.111013 0.071096 0.075490 0.112681 0.083421 0.107651 0.114678 
0.120467 0.117805 0.076304 0.105773 0.095060 0.091017 0.121826 0.078980 0.085671 0.107097 
Document::2
0.086560 0.084647 0.088068 0.129747 0.104516 0.084507 0.086280 0.132761 0.085256 0.117658 
0.099635 0.102260 0.107923 0.067066 0.102406 0.106753 0.090097 0.082529 0.138570 0.102762 
0.120502 0.117800 0.076296 0.105742 0.095044 0.091042 0.121807 0.078992 0.085675 0.107100 
Document::3
0.085548 0.085716 0.087076 0.131384 0.105836 0.085574 0.085266 0.134436 0.084228 0.114936 
0.102405 0.077488 0.091326 0.074844 0.113795 0.072244 0.130518 0.069837 0.171537 0.096005 
0.120494 0.117791 0.076297 0.105753 0.095047 0.091044 0.121813 0.078980 0.085671 0.107110 
Document::4
0.085548 0.085716 0.087076 0.131384 0.105836 0.085574 0.085266 0.134436 0.084228 0.114936 
0.113504 0.106554 0.065370 0.076223 0.088254 0.110426 0.114497 0.089550 0.147059 0.088561 
0.120508 0.117785 0.076297 0.105746 0.095047 0.091044 0.121800 0.078973 0.085677 0.107124 
Document::5
0.085548 0.085716 0.087076 0.131384 0.105836 0.085574 0.085266 0.134436 0.084228 0.114936 
0.083557 0.202303 0.108437 0.065208 0.085880 0.071597 0.120383 0.078176 0.089315 0.095144 
0.120471 0.117789 0.076306 0.105750 0.095083 0.091047 0.121810 0.078976 0.085680 0.107087 
Document::6
0.085548 0.085716 0.087076 0.131384 0.105836 0.085574 0.085266 0.134436 0.084228 0.114936 
0.138589 0.186041 0.064188 0.065798 0.086657 0.108429 0.085288 0.087930 0.081076 0.096005 
0.120475 0.117806 0.076302 0.105760 0.095060 0.091037 0.121821 0.078978 0.085676 0.107084 
Document::7
0.085548 0.085716 0.087076 0.131384 0.105836 0.085574 0.085266 0.134436 0.084228 0.114936 
0.149498 0.118861 0.057902 0.067515 0.061851 0.089651 0.093256 0.079319 0.203701 0.078444 
0.120498 0.117829 0.076300 0.105743 0.095043 0.091034 0.121810 0.078982 0.085673 0.107087 
Document::8
0.085548 0.085716 0.087076 0.131384 0.105836 0.085574 0.085266 0.134436 0.084228 0.114936 
0.102033 0.129571 0.087015 0.076935 0.080686 0.085674 0.115618 0.106937 0.122173 0.093358 
0.120481 0.117819 0.076312 0.105776 0.095051 0.091029 0.121807 0.078974 0.085657 0.107093 
Document::9
0.089232 0.083263 0.084585 0.133756 0.104851 0.091300 0.082826 0.130590 0.085906 0.113691 
0.098200 0.101494 0.095186 0.084159 0.088263 0.093719 0.126475 0.103564 0.106816 0.102125 
0.120473 0.117798 0.076293 0.105760 0.095054 0.091018 0.121826 0.078975 0.085699 0.107104 
Document::10
0.085548 0.085716 0.087076 0.131384 0.105836 0.085574 0.085266 0.134436 0.084228 0.114936 
0.092918 0.095660 0.090408 0.114732 0.073477 0.089187 0.149959 0.097383 0.100090 0.096185 
0.120502 0.117799 0.076304 0.105767 0.095041 0.091038 0.121821 0.078974 0.085671 0.107084 
Document::11
0.085012 0.085178 0.088620 0.130560 0.105172 0.085037 0.084731 0.133593 0.085791 0.116305 
0.089906 0.103365 0.076672 0.111013 0.081901 0.097101 0.155903 0.083421 0.096846 0.103873 
0.120473 0.117797 0.076312 0.105739 0.095054 0.091038 0.121818 0.078974 0.085698 0.107097 
Document::12
0.084132 0.084297 0.089773 0.131279 0.108222 0.084157 0.083855 0.134280 0.084903 0.115102 
0.099535 0.102874 0.096480 0.085304 0.089463 0.094993 0.114598 0.104972 0.108268 0.103513 
0.120487 0.117804 0.076293 0.105746 0.095041 0.091018 0.121826 0.078975 0.085719 0.107090 
Document::13
0.085548 0.085716 0.087076 0.131384 0.105836 0.085574 0.085266 0.134436 0.084228 0.114936 
0.121762 0.111906 0.092699 0.081961 0.085956 0.091270 0.110107 0.100858 0.104025 0.099456 
0.120485 0.117796 0.076300 0.105759 0.095054 0.091012 0.121850 0.079003 0.085666 0.107076 
Document::14
0.085548 0.085716 0.087076 0.131384 0.105836 0.085574 0.085266 0.134436 0.084228 0.114936 
0.092027 0.107686 0.101774 0.091441 0.082715 0.100399 0.118525 0.097054 0.112673 0.095705 
0.120464 0.117789 0.076304 0.105738 0.095039 0.091037 0.121850 0.079000 0.085677 0.107102 
Document::15
0.083959 0.092381 0.085458 0.128943 0.107998 0.083984 0.083681 0.131938 0.084728 0.116929 
0.099535 0.102874 0.096480 0.085304 0.089463 0.094993 0.114598 0.104972 0.108268 0.103513 
0.120478 0.117810 0.076312 0.105772 0.095026 0.091024 0.121831 0.079008 0.085664 0.107076 
Document::16
0.082941 0.083099 0.084386 0.132285 0.104128 0.084956 0.098599 0.133183 0.081692 0.114730 
0.099535 0.102874 0.096480 0.085304 0.089463 0.094993 0.114598 0.104972 0.108268 0.103513 
0.120472 0.117796 0.076311 0.105756 0.095042 0.091033 0.121831 0.078987 0.085672 0.107100 
Document::17
0.086750 0.082934 0.086205 0.134009 0.105908 0.080814 0.088470 0.140865 0.081530 0.112515 
0.099535 0.102874 0.096480 0.085304 0.089463 0.094993 0.114598 0.104972 0.108268 0.103513 
0.120488 0.117805 0.076309 0.105759 0.095039 0.091023 0.121807 0.078991 0.085689 0.107090 
Document::18
0.085560 0.085716 0.088942 0.128252 0.104456 0.083624 0.079418 0.140892 0.086290 0.116851 
0.099535 0.102874 0.096480 0.085304 0.089463 0.094993 0.114598 0.104972 0.108268 0.103513 
0.120481 0.117798 0.076306 0.105758 0.095044 0.091028 0.121813 0.078989 0.085687 0.107096 
Document::19
0.090387 0.084849 0.084178 0.118429 0.112466 0.080928 0.090132 0.145832 0.083508 0.109291 
0.096900 0.100151 0.093926 0.083045 0.087094 0.092478 0.138038 0.102193 0.105402 0.100773 
0.120479 0.117803 0.076309 0.105756 0.095048 0.091031 0.121818 0.078985 0.085677 0.107093 
Document::20
0.081994 0.087912 0.083389 0.133475 0.110135 0.087782 0.083657 0.142028 0.080788 0.108839 
0.104599 0.095115 0.101774 0.091441 0.082715 0.087828 0.131097 0.097054 0.100102 0.108277 
0.120479 0.117803 0.076309 0.105756 0.095048 0.091031 0.121818 0.078985 0.085677 0.107093 
Document::21
0.085728 0.089810 0.085190 0.128504 0.102697 0.083788 0.079574 0.137242 0.092349 0.115117 
0.094401 0.097568 0.091503 0.093799 0.084848 0.090093 0.134478 0.112453 0.102683 0.098174 
0.120479 0.117803 0.076309 0.105756 0.095048 0.091031 0.121818 0.078985 0.085677 0.107093 
Document::22
0.082427 0.082588 0.085926 0.134699 0.108055 0.082452 0.084182 0.135612 0.085209 0.118850 
0.066825 0.069067 0.110417 0.075528 0.069191 0.109418 0.122581 0.180019 0.090945 0.106010 
0.120484 0.117808 0.076308 0.105754 0.095047 0.091030 0.121817 0.078984 0.085676 0.107092 
Document::23
0.086023 0.084123 0.085458 0.131008 0.107998 0.088113 0.085746 0.134003 0.082663 0.114865 
0.059736 0.094381 0.147665 0.051195 0.078172 0.114131 0.076936 0.177242 0.081297 0.119245 
0.120479 0.117803 0.076309 0.105756 0.095048 0.091031 0.121818 0.078985 0.085677 0.107093 
Document::24
0.079838 0.081957 0.093043 0.152064 0.104661 0.083788 0.081537 0.125462 0.084496 0.113153 
0.099535 0.102874 0.096480 0.085304 0.089463 0.094993 0.114598 0.104972 0.108268 0.103513 
0.120479 0.117803 0.076309 0.105756 0.095048 0.091031 0.121818 0.078985 0.085677 0.107093 
Document::25
0.082931 0.087172 0.086452 0.129405 0.106677 0.084995 0.084697 0.132363 0.083691 0.121617 
0.081750 0.095660 0.123911 0.081229 0.084645 0.100355 0.127624 0.108551 0.100090 0.096185 
0.120479 0.117803 0.076309 0.105756 0.095048 0.091031 0.121818 0.078985 0.085677 0.107093 
