Document::0
0.076320 0.092222 0.094932 0.110454 0.110598 0.088028 0.092654 0.115749 0.091978 0.127066 
0.156925 0.075571 0.071371 0.100064 0.080772 0.098930 0.105683 0.129906 0.090742 0.090037 
0.132866 0.106851 0.082187 0.116450 0.090458 0.091771 0.104112 0.082187 0.093142 0.099977 
Document::1
0.077449 0.093586 0.092638 0.112088 0.115932 0.085632 0.094025 0.117461 0.085942 0.125247 
0.104512 0.095130 0.070645 0.119374 0.079951 0.108088 0.124936 0.077768 0.099983 0.119612 
0.132840 0.106831 0.082171 0.116505 0.090441 0.091753 0.104130 0.082190 0.093143 0.099996 
Document::2
0.071890 0.094829 0.104721 0.105654 0.113006 0.087076 0.091652 0.114497 0.083773 0.132902 
0.120815 0.078808 0.074428 0.115058 0.116355 0.081752 0.110209 0.081932 0.126751 0.093893 
0.132905 0.106828 0.082217 0.116382 0.090464 0.091814 0.104051 0.082197 0.093126 0.100015 
Document::3
0.074858 0.091237 0.094029 0.110017 0.113919 0.086918 0.095436 0.119225 0.087232 0.127128 
0.122548 0.086354 0.064128 0.099135 0.127930 0.088890 0.113409 0.070593 0.136888 0.090125 
0.132945 0.106845 0.082210 0.116381 0.090400 0.091770 0.104125 0.082210 0.093121 0.099992 
Document::4
0.075768 0.091554 0.094245 0.106036 0.117033 0.091009 0.091983 0.122148 0.084076 0.126146 
0.090633 0.080533 0.076056 0.084750 0.097017 0.105425 0.134505 0.094667 0.140467 0.095948 
0.132835 0.106776 0.082202 0.116408 0.090372 0.091858 0.104038 0.082221 0.093170 0.100118 
Document::5
0.072676 0.088577 0.091288 0.114098 0.128820 0.084384 0.092654 0.119394 0.084689 0.123421 
0.077855 0.153772 0.102930 0.100999 0.083339 0.109359 0.134340 0.071920 0.073666 0.091820 
0.132854 0.106827 0.082207 0.116423 0.090495 0.091788 0.104107 0.082168 0.093120 0.100011 
Document::6
0.074858 0.091237 0.094029 0.110017 0.113919 0.086918 0.095436 0.119225 0.087232 0.127128 
0.114125 0.174927 0.059720 0.083729 0.067587 0.108555 0.105614 0.082925 0.101704 0.101114 
0.132836 0.106901 0.082181 0.116422 0.090451 0.091783 0.104084 0.082180 0.093173 0.099988 
Document::7
0.074858 0.091237 0.094029 0.110017 0.113919 0.086918 0.095436 0.119225 0.087232 0.127128 
0.098636 0.116792 0.086990 0.076451 0.103736 0.075485 0.098719 0.066891 0.190901 0.085398 
0.132903 0.106901 0.082228 0.116398 0.090399 0.091788 0.104065 0.082208 0.093139 0.099971 
Document::8
0.074858 0.091237 0.094029 0.110017 0.113919 0.086918 0.095436 0.119225 0.087232 0.127128 
0.092661 0.115895 0.077758 0.086646 0.099188 0.085410 0.126328 0.085598 0.110049 0.120468 
0.132889 0.106893 0.082188 0.116543 0.090337 0.091784 0.104117 0.082207 0.093115 0.099926 
Document::9
0.076881 0.096570 0.091958 0.111265 0.111410 0.088675 0.093334 0.116599 0.085311 0.127999 
0.105664 0.093888 0.088669 0.098804 0.100349 0.097395 0.118541 0.097609 0.099978 0.099103 
0.132916 0.106861 0.082154 0.116434 0.090362 0.091751 0.104123 0.082154 0.093159 0.100087 
Document::10
0.074858 0.091237 0.094029 0.110017 0.113919 0.086918 0.095436 0.119225 0.087232 0.127128 
0.101575 0.080533 0.086998 0.161343 0.107959 0.083541 0.112621 0.094667 0.085757 0.085006 
0.132919 0.106816 0.082218 0.116489 0.090370 0.091760 0.104097 0.082160 0.093169 0.100002 
Document::11
0.073751 0.093586 0.096336 0.108389 0.112234 0.085632 0.097723 0.117461 0.085942 0.128946 
0.108085 0.080083 0.066585 0.141251 0.084935 0.073137 0.136914 0.111616 0.075077 0.122317 
0.132861 0.106816 0.082218 0.116392 0.090467 0.091779 0.104116 0.082179 0.093208 0.099963 
Document::12
0.073210 0.089228 0.091958 0.111265 0.118752 0.085003 0.097005 0.116599 0.088982 0.127999 
0.103035 0.091552 0.086463 0.108785 0.097853 0.107411 0.115592 0.095181 0.097491 0.096637 
0.132862 0.106860 0.082149 0.116454 0.090397 0.091806 0.104121 0.082187 0.093195 0.099969 
Document::13
0.074858 0.091237 0.094029 0.110017 0.113919 0.086918 0.095436 0.119225 0.087232 0.127128 
0.137408 0.082335 0.088945 0.086646 0.099188 0.118970 0.126328 0.085598 0.087676 0.086908 
0.132874 0.106834 0.082222 0.116428 0.090411 0.091742 0.104193 0.082183 0.093170 0.099944 
Document::14
0.074858 0.091237 0.094029 0.110017 0.113919 0.086918 0.095436 0.119225 0.087232 0.127128 
0.090633 0.080533 0.097940 0.117575 0.107959 0.116367 0.123563 0.083725 0.085757 0.095948 
0.132872 0.106829 0.082194 0.116405 0.090365 0.091793 0.104168 0.082213 0.093164 0.099996 
Document::15
0.075495 0.102040 0.090300 0.105654 0.116612 0.087076 0.098862 0.114497 0.083773 0.125692 
0.095879 0.085194 0.080458 0.101230 0.148933 0.088376 0.107564 0.088570 0.113871 0.089926 
0.132883 0.106915 0.082162 0.116491 0.090392 0.091742 0.104099 0.082258 0.093113 0.099946 
Document::16
0.070895 0.095822 0.094954 0.112757 0.102735 0.088541 0.116535 0.110905 0.082053 0.124803 
0.103035 0.103991 0.086463 0.096346 0.097853 0.107411 0.115592 0.095181 0.097491 0.096637 
0.132854 0.106838 0.082192 0.116418 0.090405 0.091795 0.104137 0.082211 0.093147 0.100002 
Document::17
0.066830 0.091507 0.104053 0.108272 0.108405 0.091002 0.105310 0.123196 0.084580 0.116846 
0.105664 0.093888 0.088669 0.098804 0.100349 0.097395 0.118541 0.097609 0.099978 0.099103 
0.132841 0.106886 0.082203 0.116407 0.090397 0.091806 0.104088 0.082203 0.093196 0.099973 
Document::18
0.072321 0.096591 0.092450 0.103192 0.113210 0.086206 0.083797 0.127758 0.093074 0.131401 
0.105664 0.093888 0.088669 0.098804 0.100349 0.097395 0.118541 0.097609 0.099978 0.099103 
0.132876 0.106840 0.082193 0.116420 0.090446 0.091778 0.104100 0.082193 0.093168 0.099984 
Document::19
0.072972 0.083669 0.086034 0.099581 0.128334 0.083190 0.080865 0.155096 0.089818 0.120441 
0.098151 0.087213 0.082365 0.091779 0.128763 0.090470 0.133812 0.090669 0.092870 0.103907 
0.132867 0.106849 0.082200 0.116429 0.090414 0.091785 0.104108 0.082200 0.093156 0.099992 
Document::20
0.073439 0.081004 0.083384 0.113023 0.122753 0.080521 0.100590 0.133680 0.093594 0.118011 
0.123311 0.088259 0.083353 0.092880 0.094332 0.103547 0.123425 0.091757 0.093984 0.105153 
0.132867 0.106849 0.082200 0.116429 0.090414 0.091785 0.104108 0.082200 0.093156 0.099992 
Document::21
0.075042 0.086544 0.089088 0.107074 0.117469 0.082609 0.097210 0.125724 0.089736 0.129504 
0.135888 0.092487 0.076898 0.085687 0.087027 0.128717 0.124930 0.095714 0.086706 0.085946 
0.132867 0.106849 0.082200 0.116429 0.090414 0.091785 0.104108 0.082200 0.093156 0.099992 
Document::22
0.071632 0.087305 0.093568 0.112459 0.109008 0.083171 0.098507 0.117678 0.083472 0.143201 
0.079078 0.062696 0.118841 0.065979 0.101085 0.073556 0.138789 0.167404 0.075282 0.117290 
0.132874 0.106858 0.082211 0.116418 0.090405 0.091795 0.104118 0.082192 0.093147 0.099982 
Document::23
0.073897 0.089293 0.095446 0.103417 0.114143 0.085233 0.093240 0.115602 0.081999 0.147732 
0.094505 0.070022 0.141978 0.073250 0.091016 0.080700 0.111336 0.181351 0.065645 0.090198 
0.132867 0.106849 0.082200 0.116429 0.090414 0.091785 0.104108 0.082200 0.093156 0.099992 
Document::24
0.069714 0.080910 0.096702 0.154158 0.107683 0.083738 0.087963 0.109059 0.084017 0.126055 
0.105664 0.093888 0.088669 0.098804 0.100349 0.097395 0.118541 0.097609 0.099978 0.099103 
0.132867 0.106849 0.082200 0.116429 0.090414 0.091785 0.104108 0.082200 0.093156 0.099992 
Document::25
0.073637 0.088979 0.095110 0.106570 0.110225 0.088449 0.096429 0.115195 0.085227 0.140179 
0.090633 0.080533 0.130766 0.084750 0.097017 0.083541 0.123563 0.127493 0.096699 0.085006 
0.132867 0.106849 0.082200 0.116429 0.090414 0.091785 0.104108 0.082200 0.093156 0.099992 
