Document::0
0.092678 0.127118 0.101204 0.085827 0.120926 0.088340 0.080654 0.112895 0.093658 0.096699 
0.239464 0.067252 0.116868 0.109092 0.071020 0.067419 0.073507 0.066486 0.076636 0.112256 
0.099885 0.120127 0.096463 0.118255 0.097158 0.094205 0.117068 0.069151 0.106069 0.081618 
Document::1
0.083674 0.105777 0.092687 0.090739 0.156465 0.093396 0.085271 0.105048 0.084709 0.102234 
0.115040 0.068331 0.102709 0.142907 0.136290 0.116598 0.090718 0.083584 0.077865 0.065957 
0.097477 0.126896 0.082432 0.125297 0.131512 0.068381 0.112161 0.083336 0.066397 0.106111 
Document::2
0.072295 0.177932 0.117171 0.090763 0.110461 0.080695 0.073674 0.090762 0.073190 0.113057 
0.155652 0.065195 0.067401 0.105755 0.084144 0.095950 0.117149 0.064451 0.150777 0.093525 
0.166211 0.082528 0.108295 0.070020 0.097786 0.084436 0.080146 0.131220 0.082628 0.096731 
Document::3
0.088753 0.097021 0.098315 0.096248 0.120431 0.099066 0.090447 0.111426 0.089852 0.108440 
0.135001 0.056545 0.058458 0.091724 0.139318 0.123023 0.114874 0.082435 0.144040 0.054581 
0.131606 0.103485 0.128970 0.069255 0.085788 0.061655 0.155775 0.086068 0.070795 0.106603 
Document::4
0.087427 0.095570 0.096845 0.094809 0.133581 0.097585 0.089095 0.109760 0.088509 0.106819 
0.099145 0.072707 0.088517 0.067891 0.076006 0.155758 0.105818 0.072035 0.163829 0.098296 
0.109747 0.081626 0.107111 0.080184 0.096718 0.094442 0.101128 0.053280 0.081725 0.194038 
Document::5
0.085717 0.080018 0.081085 0.079381 0.211985 0.094223 0.087114 0.116934 0.074106 0.089437 
0.130383 0.202665 0.133663 0.069820 0.078166 0.060712 0.108826 0.088293 0.069013 0.058459 
0.140662 0.107884 0.099372 0.080724 0.176432 0.084605 0.092398 0.062104 0.069780 0.086040 
Document::6
0.110707 0.090177 0.091380 0.103566 0.111937 0.106185 0.084068 0.117673 0.083514 0.100792 
0.119188 0.260765 0.051611 0.080980 0.064432 0.050045 0.124845 0.084493 0.092028 0.071615 
0.090855 0.172467 0.087228 0.095291 0.118041 0.084834 0.109072 0.073311 0.082373 0.086528 
Document::7
0.088753 0.097021 0.098315 0.096248 0.120431 0.099066 0.090447 0.111426 0.089852 0.108440 
0.120140 0.095086 0.083881 0.077429 0.072025 0.055943 0.087182 0.055168 0.273093 0.080054 
0.144021 0.148400 0.080006 0.075249 0.080509 0.068117 0.125675 0.132055 0.076695 0.069272 
Document::8
0.088753 0.097021 0.098315 0.096248 0.120431 0.099066 0.090447 0.111426 0.089852 0.108440 
0.100621 0.118326 0.071794 0.112648 0.089629 0.102204 0.092196 0.068652 0.144310 0.099620 
0.099919 0.193723 0.067667 0.142657 0.107957 0.085985 0.111973 0.068410 0.054505 0.067205 
Document::9
0.088753 0.097021 0.098315 0.096248 0.120431 0.099066 0.090447 0.111426 0.089852 0.108440 
0.117912 0.100472 0.084131 0.112912 0.085937 0.138862 0.088946 0.080450 0.111827 0.078551 
0.089082 0.112994 0.096558 0.101841 0.077336 0.065433 0.110870 0.077588 0.093378 0.174920 
Document::10
0.106212 0.100050 0.101204 0.099361 0.120926 0.101874 0.080654 0.099361 0.093658 0.096699 
0.111524 0.076969 0.079573 0.215153 0.081281 0.095219 0.084127 0.076091 0.087708 0.092355 
0.074132 0.140724 0.071173 0.139104 0.071774 0.069220 0.125808 0.084359 0.116293 0.107413 
Document::11
0.086804 0.081032 0.107466 0.093064 0.113262 0.108093 0.100895 0.105740 0.087722 0.115923 
0.155652 0.095789 0.082698 0.136349 0.068847 0.065356 0.101852 0.064451 0.120183 0.108822 
0.084333 0.125377 0.081444 0.111820 0.141914 0.067562 0.134771 0.058385 0.101531 0.092864 
Document::12
0.102068 0.096146 0.084249 0.082478 0.129214 0.136917 0.090513 0.095484 0.076997 0.105932 
0.145331 0.086323 0.089244 0.140027 0.091159 0.086536 0.094351 0.085338 0.098367 0.083324 
0.081408 0.132589 0.078620 0.107941 0.079186 0.099902 0.141657 0.056360 0.144254 0.078082 
Document::13
0.083674 0.091468 0.092687 0.105048 0.113538 0.136322 0.085271 0.105048 0.084709 0.102234 
0.174318 0.073013 0.075484 0.101306 0.094235 0.090325 0.079803 0.106444 0.117464 0.087608 
0.066760 0.115679 0.064095 0.114220 0.097786 0.073386 0.212747 0.075969 0.104728 0.074631 
Document::14
0.100869 0.094162 0.095418 0.093413 0.116883 0.110878 0.087783 0.108143 0.087205 0.105246 
0.144785 0.067252 0.085308 0.140652 0.118360 0.067419 0.120847 0.066486 0.092416 0.096476 
0.073234 0.139018 0.070310 0.125297 0.070904 0.104746 0.160648 0.071214 0.090640 0.093989 
Document::15
0.079144 0.100050 0.087670 0.099361 0.134460 0.115408 0.094188 0.099361 0.080124 0.110233 
0.147643 0.095029 0.079573 0.088734 0.135460 0.077159 0.102187 0.076091 0.123828 0.074295 
0.069847 0.167272 0.067059 0.131063 0.067625 0.065218 0.153219 0.137288 0.063326 0.078082 
Document::16
0.087306 0.071116 0.105440 0.103925 0.088276 0.094865 0.155298 0.103925 0.076987 0.112862 
0.156101 0.081378 0.103226 0.132006 0.085937 0.100673 0.088946 0.080450 0.092732 0.078551 
0.090855 0.112314 0.087228 0.110330 0.103003 0.084834 0.154187 0.088349 0.082373 0.086528 
Document::17
0.058543 0.104042 0.084872 0.113543 0.089450 0.085368 0.129740 0.163600 0.059268 0.111574 
0.133169 0.091907 0.095017 0.105956 0.097056 0.092135 0.100455 0.090859 0.104731 0.088715 
0.088202 0.167432 0.099280 0.107108 0.085396 0.096956 0.105887 0.085770 0.079968 0.084002 
Document::18
0.065915 0.071158 0.071979 0.099546 0.134135 0.130210 0.076615 0.138049 0.095489 0.116904 
0.133169 0.091907 0.095017 0.105956 0.097056 0.092135 0.100455 0.090859 0.104731 0.088715 
0.095147 0.117621 0.091349 0.115542 0.092121 0.104591 0.129974 0.076775 0.086265 0.090616 
Document::19
0.063471 0.087058 0.078579 0.068048 0.156968 0.060500 0.055237 0.225620 0.129025 0.075494 
0.208582 0.090145 0.075484 0.084174 0.094235 0.124588 0.096935 0.072181 0.083201 0.070477 
0.099866 0.123453 0.095879 0.104742 0.096689 0.093248 0.119889 0.080582 0.090543 0.095110 
Document::20
0.072740 0.059251 0.078579 0.142200 0.138431 0.060500 0.092312 0.179275 0.101218 0.075494 
0.125077 0.086323 0.089244 0.099518 0.111413 0.127045 0.094351 0.085338 0.098367 0.083324 
0.090855 0.127353 0.087228 0.125368 0.087965 0.099872 0.109072 0.073311 0.112449 0.086528 
Document::21
0.083587 0.078737 0.068994 0.088846 0.116468 0.101475 0.095426 0.152753 0.095009 0.118705 
0.180503 0.093343 0.095901 0.087160 0.079839 0.146748 0.082635 0.074741 0.086152 0.072977 
0.099866 0.123453 0.095879 0.104742 0.096689 0.093248 0.119889 0.080582 0.090543 0.095110 
Document::22
0.083624 0.078064 0.091317 0.126290 0.096900 0.116345 0.084987 0.101866 0.072296 0.148312 
0.084164 0.071716 0.114569 0.066965 0.061341 0.058230 0.145264 0.193717 0.093450 0.110586 
0.109414 0.128829 0.092526 0.086216 0.106799 0.117572 0.125896 0.066329 0.074528 0.091893 
Document::23
0.074128 0.093709 0.094789 0.080387 0.138614 0.095417 0.075542 0.093064 0.075045 0.179305 
0.083074 0.049344 0.213104 0.068464 0.133153 0.072621 0.053933 0.176138 0.090962 0.059208 
0.092242 0.114029 0.103827 0.112014 0.119843 0.101397 0.110737 0.074430 0.083631 0.087849 
Document::24
0.068554 0.063996 0.124918 0.233679 0.099461 0.085368 0.069672 0.073498 0.079291 0.101563 
0.133169 0.091907 0.095017 0.105956 0.097056 0.092135 0.100455 0.090859 0.104731 0.088715 
0.099866 0.123453 0.095879 0.104742 0.096689 0.093248 0.119889 0.080582 0.090543 0.095110 
Document::25
0.108048 0.078064 0.103529 0.089654 0.133536 0.079709 0.084987 0.101866 0.072296 0.148312 
0.100621 0.069444 0.136970 0.145236 0.073334 0.069616 0.075902 0.133829 0.079133 0.115914 
0.099866 0.123453 0.095879 0.104742 0.096689 0.093248 0.119889 0.080582 0.090543 0.095110 
