d_0 0.228661 0.542678 0.228661 
d_1 0.095408 0.476089 0.428503 
d_2 0.171951 0.234421 0.593628 
d_3 0.000167 0.499917 0.499917 
d_4 0.172497 0.224194 0.603309 
d_5 0.142959 0.499911 0.357130 
d_6 0.000200 0.759744 0.240056 
d_7 0.000149 0.537222 0.462629 
d_8 0.000182 0.200073 0.799746 
d_9 0.127791 0.000213 0.871997 
d_10 0.000263 0.342098 0.657639 
d_11 0.072869 0.472651 0.454479 
d_12 0.150137 0.050212 0.799650 
d_13 0.000217 0.239192 0.760591 
d_14 0.000244 0.317085 0.682671 
d_15 0.255868 0.186149 0.557983 
d_16 0.805162 0.055787 0.139051 
d_17 0.761599 0.000238 0.238163 
d_18 0.902023 0.000244 0.097733 
d_19 0.888580 0.111234 0.000185 
d_20 0.901626 0.098178 0.000196 
d_21 0.683934 0.315803 0.000263 
d_22 0.214349 0.696234 0.089416 
d_23 0.293124 0.706703 0.000172 
d_24 0.999412 0.000294 0.000294 
d_25 0.580406 0.419272 0.000322 
