d_0 0.228661 0.485584 0.285755 
d_1 0.095408 0.380918 0.523674 
d_2 0.234421 0.296892 0.468687 
d_3 0.000167 0.483258 0.516575 
d_4 0.017405 0.448216 0.534379 
d_5 0.250045 0.428520 0.321435 
d_6 0.100140 0.779732 0.120128 
d_7 0.000149 0.447710 0.552141 
d_8 0.000182 0.272760 0.727058 
d_9 0.000213 0.127791 0.871997 
d_10 0.210623 0.236918 0.552459 
d_11 0.236417 0.345448 0.418136 
d_12 0.275044 0.075194 0.649763 
d_13 0.087117 0.260917 0.651966 
d_14 0.048989 0.414575 0.536437 
d_15 0.186149 0.209389 0.604462 
d_16 0.666389 0.166805 0.166805 
d_17 0.809184 0.000238 0.190578 
d_18 0.926395 0.000244 0.073361 
d_19 0.777531 0.222284 0.000185 
d_20 0.823241 0.058985 0.117774 
d_21 0.736524 0.263213 0.000263 
d_22 0.285740 0.482063 0.232197 
d_23 0.224194 0.689471 0.086335 
d_24 0.999412 0.000294 0.000294 
d_25 0.515952 0.483725 0.000322 
