Document::0
0.077948 0.140681 0.087453 0.087453 0.119771 0.081750 0.117870 0.093157 0.096958 0.096958 
0.103264 0.128289 0.109526 0.093936 0.114305 0.097005 0.076690 0.092316 0.097025 0.087643 
0.079552 0.121206 0.117413 0.100382 0.090912 0.081446 0.087122 0.119313 0.087127 0.115528 
Document::1
0.077948 0.140681 0.087453 0.087453 0.119771 0.081750 0.117870 0.093157 0.096958 0.096958 
0.103270 0.128267 0.109562 0.093878 0.114339 0.096980 0.076757 0.092326 0.097000 0.087622 
0.079552 0.121206 0.117413 0.100382 0.090912 0.081446 0.087122 0.119313 0.087127 0.115528 
Document::2
0.077950 0.140681 0.087451 0.087451 0.119772 0.081748 0.117877 0.093154 0.096960 0.096958 
0.103281 0.128335 0.109558 0.093903 0.114285 0.096989 0.076661 0.092318 0.097026 0.087645 
0.079552 0.121206 0.117413 0.100382 0.090912 0.081446 0.087122 0.119313 0.087127 0.115528 
Document::3
0.077949 0.140683 0.087454 0.087453 0.119768 0.081748 0.117881 0.093155 0.096954 0.096954 
0.103290 0.128300 0.109552 0.093893 0.114247 0.097030 0.076697 0.092324 0.097016 0.087651 
0.079547 0.121211 0.117418 0.100388 0.090906 0.081441 0.087129 0.119306 0.087122 0.115533 
Document::4
0.077946 0.140688 0.087451 0.087453 0.119773 0.081750 0.117872 0.093156 0.096956 0.096956 
0.103285 0.128315 0.109548 0.093904 0.114227 0.097025 0.076689 0.092335 0.097028 0.087644 
0.079552 0.121206 0.117413 0.100382 0.090912 0.081446 0.087122 0.119313 0.087127 0.115528 
Document::5
0.077946 0.140691 0.087453 0.087451 0.119769 0.081746 0.117871 0.093150 0.096965 0.096959 
0.103268 0.128310 0.109563 0.093889 0.114208 0.097076 0.076693 0.092319 0.097028 0.087646 
0.079552 0.121206 0.117413 0.100382 0.090912 0.081446 0.087122 0.119313 0.087127 0.115528 
Document::6
0.077948 0.140699 0.087450 0.087450 0.119774 0.081748 0.117869 0.093155 0.096953 0.096953 
0.103271 0.128298 0.109550 0.093925 0.114245 0.097012 0.076679 0.092323 0.097032 0.087666 
0.079552 0.121206 0.117413 0.100382 0.090912 0.081446 0.087122 0.119313 0.087127 0.115528 
Document::7
0.077953 0.140683 0.087450 0.087448 0.119768 0.081751 0.117873 0.093155 0.096961 0.096959 
0.103291 0.128297 0.109535 0.093896 0.114247 0.097049 0.076685 0.092344 0.097019 0.087637 
0.079552 0.121206 0.117413 0.100382 0.090912 0.081446 0.087122 0.119313 0.087127 0.115528 
Document::8
0.077947 0.140681 0.087454 0.087453 0.119768 0.081751 0.117871 0.093159 0.096958 0.096958 
0.103269 0.128308 0.109563 0.093908 0.114224 0.097044 0.076681 0.092339 0.097030 0.087633 
0.079552 0.121206 0.117413 0.100382 0.090912 0.081446 0.087122 0.119313 0.087127 0.115528 
Document::9
0.077948 0.140681 0.087453 0.087453 0.119771 0.081750 0.117870 0.093157 0.096958 0.096958 
0.103295 0.128378 0.109638 0.093886 0.114197 0.096971 0.076647 0.092317 0.097041 0.087629 
0.079552 0.121206 0.117413 0.100382 0.090912 0.081446 0.087122 0.119313 0.087127 0.115528 
Document::10
0.077948 0.140681 0.087453 0.087453 0.119771 0.081750 0.117870 0.093157 0.096958 0.096958 
0.103258 0.128391 0.109534 0.093916 0.114177 0.097052 0.076694 0.092365 0.097004 0.087609 
0.079552 0.121206 0.117413 0.100382 0.090912 0.081446 0.087122 0.119313 0.087127 0.115528 
Document::11
0.077948 0.140681 0.087453 0.087453 0.119771 0.081750 0.117870 0.093157 0.096958 0.096958 
0.103247 0.128272 0.109588 0.093908 0.114163 0.097059 0.076657 0.092340 0.097079 0.087687 
0.079552 0.121206 0.117413 0.100382 0.090912 0.081446 0.087122 0.119313 0.087127 0.115528 
Document::12
0.077948 0.140681 0.087453 0.087453 0.119771 0.081750 0.117870 0.093157 0.096958 0.096958 
0.103270 0.128406 0.109513 0.093927 0.114240 0.096996 0.076653 0.092359 0.097033 0.087603 
0.079556 0.121194 0.117425 0.100373 0.090915 0.081438 0.087126 0.119325 0.087119 0.115529 
Document::13
0.077948 0.140681 0.087453 0.087453 0.119771 0.081750 0.117870 0.093157 0.096958 0.096958 
0.103266 0.128303 0.109526 0.093871 0.114203 0.097091 0.076712 0.092353 0.097044 0.087630 
0.079551 0.121180 0.117448 0.100387 0.090907 0.081444 0.087107 0.119336 0.087124 0.115516 
Document::14
0.077948 0.140681 0.087453 0.087453 0.119771 0.081750 0.117870 0.093157 0.096958 0.096958 
0.103279 0.128325 0.109555 0.093872 0.114180 0.097040 0.076719 0.092387 0.097010 0.087633 
0.079543 0.121193 0.117400 0.100384 0.090914 0.081461 0.087113 0.119324 0.087118 0.115552 
Document::15
0.077948 0.140681 0.087453 0.087453 0.119771 0.081750 0.117870 0.093157 0.096958 0.096958 
0.103357 0.128293 0.109534 0.093863 0.114177 0.097066 0.076689 0.092328 0.097019 0.087673 
0.079575 0.121192 0.117460 0.100375 0.090883 0.081432 0.087107 0.119359 0.087100 0.115516 
Document::16
0.077947 0.140680 0.087457 0.087453 0.119773 0.081749 0.117869 0.093156 0.096958 0.096958 
0.103285 0.128315 0.109548 0.093904 0.114227 0.097025 0.076689 0.092335 0.097028 0.087644 
0.079542 0.121172 0.117525 0.100349 0.090919 0.081447 0.087084 0.119340 0.087149 0.115474 
Document::17
0.077947 0.140681 0.087456 0.087452 0.119771 0.081753 0.117868 0.093161 0.096955 0.096955 
0.103285 0.128344 0.109546 0.093905 0.114208 0.097009 0.076676 0.092336 0.097012 0.087680 
0.079541 0.121195 0.117415 0.100390 0.090909 0.081422 0.087157 0.119314 0.087150 0.115507 
Document::18
0.077948 0.140681 0.087453 0.087453 0.119771 0.081750 0.117870 0.093157 0.096958 0.096958 
0.103273 0.128300 0.109569 0.093910 0.114230 0.097013 0.076697 0.092324 0.097016 0.087667 
0.079543 0.121234 0.117430 0.100368 0.090959 0.081424 0.087111 0.119281 0.087116 0.115534 
Document::19
0.077948 0.140681 0.087453 0.087453 0.119771 0.081750 0.117870 0.093157 0.096958 0.096958 
0.103280 0.128325 0.109543 0.093916 0.114221 0.097037 0.076685 0.092330 0.097023 0.087640 
0.079526 0.121269 0.117370 0.100360 0.090893 0.081467 0.087129 0.119317 0.087122 0.115546 
Document::20
0.077950 0.140679 0.087455 0.087457 0.119770 0.081748 0.117866 0.093158 0.096960 0.096958 
0.103285 0.128315 0.109548 0.093904 0.114227 0.097025 0.076689 0.092335 0.097028 0.087644 
0.079545 0.121195 0.117392 0.100380 0.090925 0.081426 0.087124 0.119279 0.087142 0.115592 
Document::21
0.077952 0.140679 0.087455 0.087450 0.119770 0.081749 0.117872 0.093158 0.096957 0.096957 
0.103300 0.128308 0.109545 0.093954 0.114223 0.097007 0.076692 0.092335 0.097010 0.087628 
0.079539 0.121204 0.117388 0.100411 0.090907 0.081468 0.087143 0.119288 0.087124 0.115528 
Document::22
0.077948 0.140681 0.087453 0.087453 0.119771 0.081750 0.117870 0.093157 0.096958 0.096958 
0.103285 0.128310 0.109530 0.093922 0.114208 0.097025 0.076693 0.092336 0.097028 0.087663 
0.079570 0.121209 0.117369 0.100357 0.090878 0.081451 0.087161 0.119316 0.087143 0.115545 
Document::23
0.077946 0.140680 0.087453 0.087451 0.119779 0.081748 0.117867 0.093154 0.096964 0.096958 
0.103285 0.128315 0.109548 0.093904 0.114227 0.097025 0.076689 0.092335 0.097028 0.087644 
0.079553 0.121190 0.117445 0.100369 0.090900 0.081459 0.087110 0.119297 0.087152 0.115525 
