d_0 0.000831 0.998337 0.000831 
d_1 0.000263 0.999474 0.000263 
d_2 0.388843 0.610880 0.000278 
d_3 0.636088 0.212231 0.151680 
d_4 0.999429 0.000285 0.000285 
d_5 0.786945 0.212843 0.000213 
d_6 0.825766 0.174017 0.000217 
d_7 0.651966 0.347817 0.000217 
d_8 0.524856 0.474894 0.000250 
d_9 0.000303 0.999394 0.000303 
d_10 0.000285 0.999429 0.000285 
d_11 0.000196 0.999608 0.000196 
d_12 0.000278 0.777408 0.222315 
d_13 0.000213 0.446736 0.553051 
d_14 0.000196 0.823241 0.176563 
d_15 0.000192 0.499904 0.499904 
d_16 0.058985 0.000196 0.940819 
d_17 0.333333 0.196159 0.470508 
d_18 0.000344 0.241474 0.758181 
d_19 0.000238 0.071616 0.928147 
d_20 0.304367 0.000217 0.695416 
d_21 0.288487 0.211609 0.499904 
d_22 0.000244 0.243968 0.755788 
d_23 0.521494 0.000434 0.478072 
