d_0 0.000831 0.083957 0.915212 
d_1 0.000263 0.973179 0.026558 
d_2 0.416597 0.583125 0.000278 
d_3 0.636088 0.242507 0.121405 
d_4 0.970882 0.028832 0.000285 
d_5 0.531788 0.467999 0.000213 
d_6 0.738866 0.000217 0.260917 
d_7 0.717141 0.282642 0.000217 
d_8 0.499875 0.499875 0.000250 
d_9 0.181956 0.817741 0.000303 
d_10 0.371396 0.399943 0.228661 
d_11 0.333333 0.352930 0.313737 
d_12 0.194560 0.388843 0.416597 
d_13 0.212843 0.361684 0.425473 
d_14 0.196159 0.666471 0.137370 
d_15 0.230828 0.326927 0.442245 
d_16 0.254948 0.000196 0.744856 
d_17 0.392122 0.274544 0.333333 
d_18 0.000344 0.172580 0.827075 
d_19 0.238163 0.000238 0.761599 
d_20 0.478166 0.000217 0.521616 
d_21 0.615222 0.326927 0.057851 
d_22 0.097733 0.414575 0.487692 
d_23 0.608337 0.217542 0.174121 
