d_0 0.000831 0.998337 0.000831 
d_1 0.000263 0.999474 0.000263 
d_2 0.305579 0.694144 0.000278 
d_3 0.575537 0.242507 0.181956 
d_4 0.999429 0.000285 0.000285 
d_5 0.574314 0.425473 0.000213 
d_6 0.825766 0.174017 0.000217 
d_7 0.630241 0.369542 0.000217 
d_8 0.225081 0.774669 0.000250 
d_9 0.030578 0.969119 0.000303 
d_10 0.057379 0.628319 0.314302 
d_11 0.000196 0.823241 0.176563 
d_12 0.000278 0.777408 0.222315 
d_13 0.000213 0.361684 0.638103 
d_14 0.000196 0.744856 0.254948 
d_15 0.000192 0.326927 0.672881 
d_16 0.117774 0.000196 0.882030 
d_17 0.117774 0.372526 0.509700 
d_18 0.138133 0.000344 0.861523 
d_19 0.309541 0.000238 0.690221 
d_20 0.239192 0.000217 0.760591 
d_21 0.423025 0.153950 0.423025 
d_22 0.000244 0.243968 0.755788 
d_23 0.564915 0.000434 0.434650 
