Document::0
0.081744 0.124562 0.089988 0.100467 0.124314 0.081746 0.101063 0.086426 0.115225 0.094466 
0.092358 0.127983 0.102248 0.083020 0.110627 0.118646 0.083189 0.088361 0.093925 0.099643 
0.163045 0.090857 0.084922 0.087365 0.108679 0.078908 0.080850 0.095939 0.078148 0.131288 
Document::1
0.081744 0.124562 0.089988 0.100467 0.124314 0.081746 0.101063 0.086426 0.115225 0.094466 
0.058580 0.111653 0.075012 0.062816 0.212397 0.156527 0.073082 0.056045 0.079892 0.113996 
0.093472 0.105323 0.114365 0.101276 0.094139 0.091472 0.093723 0.111215 0.090590 0.104426 
Document::2
0.063866 0.126480 0.084888 0.107655 0.140867 0.078448 0.093540 0.067524 0.148346 0.088386 
0.069950 0.145456 0.077440 0.087140 0.120180 0.101991 0.063005 0.139710 0.119661 0.075467 
0.094985 0.107027 0.100036 0.102914 0.095662 0.092952 0.095239 0.113014 0.092056 0.106115 
Document::3
0.058729 0.156528 0.091466 0.098995 0.102720 0.072137 0.086015 0.075500 0.190042 0.067869 
0.083047 0.129483 0.106342 0.103455 0.128279 0.106684 0.074802 0.093855 0.084456 0.089597 
0.089211 0.115718 0.093955 0.111855 0.089847 0.087302 0.089450 0.106145 0.101657 0.114861 
Document::4
0.072846 0.190382 0.077890 0.072884 0.110309 0.050013 0.073249 0.167050 0.127583 0.057795 
0.092358 0.127983 0.102248 0.083020 0.094610 0.134663 0.083189 0.088361 0.093925 0.099643 
0.094985 0.107027 0.100036 0.102914 0.095662 0.092952 0.095239 0.113014 0.092056 0.106115 
Document::5
0.081189 0.224910 0.099536 0.081231 0.097492 0.055741 0.081637 0.071657 0.142194 0.064414 
0.105069 0.107756 0.076512 0.062124 0.082782 0.256583 0.062250 0.078106 0.070284 0.098534 
0.094985 0.107027 0.100036 0.102914 0.095662 0.092952 0.095239 0.113014 0.092056 0.106115 
Document::6
0.061429 0.304555 0.066473 0.061467 0.121726 0.084265 0.061831 0.052876 0.116165 0.069213 
0.093861 0.130067 0.103912 0.084371 0.096150 0.120577 0.084543 0.089800 0.095454 0.101265 
0.133737 0.089626 0.097320 0.086182 0.080108 0.077839 0.106852 0.094640 0.077089 0.156607 
Document::7
0.096786 0.157933 0.067241 0.085275 0.123132 0.108337 0.097193 0.053487 0.140605 0.070012 
0.104338 0.107350 0.099198 0.123375 0.106227 0.112953 0.083212 0.074116 0.078783 0.110448 
0.094985 0.107027 0.100036 0.102914 0.095662 0.092952 0.095239 0.113014 0.092056 0.106115 
Document::8
0.113885 0.145065 0.079120 0.073161 0.117706 0.073118 0.087184 0.090115 0.111087 0.109560 
0.070809 0.122682 0.102951 0.088210 0.072535 0.127803 0.088339 0.104585 0.108851 0.113234 
0.094985 0.107027 0.100036 0.102914 0.095662 0.092952 0.095239 0.113014 0.092056 0.106115 
Document::9
0.073513 0.112019 0.097709 0.090350 0.128579 0.073515 0.124451 0.077723 0.137187 0.084954 
0.099128 0.203436 0.117418 0.069919 0.078102 0.128995 0.058730 0.073690 0.088926 0.081655 
0.094985 0.107027 0.100036 0.102914 0.095662 0.092952 0.095239 0.113014 0.092056 0.106115 
Document::10
0.065785 0.100243 0.072419 0.110888 0.205170 0.080804 0.111368 0.069553 0.107747 0.076023 
0.089698 0.172211 0.084626 0.068712 0.078305 0.151226 0.068852 0.086390 0.104252 0.095727 
0.084099 0.109087 0.117222 0.148422 0.084699 0.082299 0.084324 0.100063 0.081506 0.108279 
Document::11
0.076224 0.122896 0.082482 0.132939 0.122708 0.076225 0.076723 0.065611 0.101641 0.142550 
0.085181 0.113182 0.105543 0.077842 0.099540 0.168789 0.077974 0.069450 0.099002 0.103496 
0.114010 0.085018 0.092317 0.184571 0.088842 0.073837 0.088507 0.089774 0.085978 0.097146 
Document::12
0.072299 0.110170 0.079591 0.154881 0.142962 0.088807 0.089386 0.076440 0.101912 0.083552 
0.116212 0.198725 0.084626 0.068712 0.078305 0.111455 0.068852 0.073133 0.104252 0.095727 
0.089454 0.112165 0.080499 0.121875 0.089999 0.074799 0.167778 0.090943 0.074078 0.098411 
Document::13
0.084615 0.120699 0.091563 0.131847 0.104763 0.116070 0.085169 0.072834 0.097104 0.095336 
0.073517 0.114625 0.094139 0.104334 0.075310 0.107192 0.142717 0.108585 0.074765 0.104815 
0.083987 0.105309 0.148923 0.089978 0.072274 0.106899 0.084179 0.122057 0.093998 0.092396 
Document::14
0.068888 0.104972 0.107289 0.084667 0.136217 0.100343 0.116622 0.072834 0.097104 0.111063 
0.123293 0.146599 0.098327 0.064791 0.072373 0.119533 0.106816 0.099721 0.082404 0.086144 
0.099855 0.110672 0.089859 0.121511 0.085929 0.083495 0.085550 0.145118 0.082691 0.095320 
Document::15
0.066788 0.101771 0.073523 0.127826 0.116816 0.082036 0.158807 0.070613 0.109390 0.092429 
0.150016 0.140125 0.106889 0.091584 0.088060 0.107192 0.091718 0.070336 0.074765 0.079316 
0.081016 0.089792 0.108280 0.145753 0.093301 0.079534 0.069410 0.153114 0.078881 0.100919 
Document::16
0.065785 0.100243 0.162528 0.080852 0.160116 0.095822 0.081332 0.069553 0.092729 0.091041 
0.093861 0.130067 0.103912 0.084371 0.096150 0.120577 0.084543 0.089800 0.095454 0.101265 
0.078859 0.076297 0.152123 0.073750 0.079278 0.067581 0.068997 0.190219 0.097085 0.115810 
Document::17
0.086706 0.131476 0.092709 0.127519 0.104116 0.059528 0.087184 0.062936 0.124677 0.123149 
0.076441 0.145698 0.111140 0.095226 0.078305 0.124712 0.068852 0.099647 0.090995 0.108984 
0.087184 0.083939 0.129214 0.080714 0.138472 0.085590 0.087384 0.139392 0.084887 0.083224 
Document::18
0.081744 0.124562 0.089988 0.100467 0.124314 0.081746 0.101063 0.086426 0.115225 0.094466 
0.086797 0.120277 0.126197 0.078021 0.088913 0.111502 0.078180 0.098094 0.088270 0.123749 
0.068417 0.181979 0.072056 0.074129 0.138830 0.136878 0.080255 0.093058 0.077962 0.076435 
Document::19
0.068888 0.104972 0.075836 0.084667 0.167670 0.068890 0.085169 0.088561 0.097104 0.158243 
0.093861 0.130067 0.103912 0.084371 0.096150 0.120577 0.084543 0.089800 0.095454 0.101265 
0.083903 0.177120 0.097892 0.078467 0.073689 0.125205 0.062750 0.127763 0.092634 0.080576 
Document::20
0.057952 0.127997 0.077026 0.110915 0.101361 0.084413 0.164257 0.100961 0.081688 0.093431 
0.093861 0.130067 0.103912 0.084371 0.096150 0.120577 0.084543 0.089800 0.095454 0.101265 
0.080072 0.147017 0.095364 0.085783 0.092213 0.090261 0.068601 0.093058 0.066308 0.181322 
Document::21
0.062865 0.077989 0.091395 0.074587 0.171307 0.097918 0.133381 0.065796 0.142248 0.082514 
0.086267 0.127375 0.145139 0.066084 0.088060 0.107192 0.066218 0.070336 0.125764 0.117565 
0.090588 0.102072 0.095405 0.098150 0.091233 0.104080 0.090830 0.107783 0.118656 0.101203 
Document::22
0.076066 0.115910 0.083737 0.093488 0.115679 0.076068 0.128773 0.080423 0.107221 0.122635 
0.073517 0.127375 0.157888 0.078834 0.100810 0.119942 0.078968 0.083086 0.087515 0.092066 
0.083987 0.129757 0.075579 0.102202 0.108946 0.094675 0.108627 0.109833 0.069550 0.116844 
Document::23
0.064811 0.113556 0.086144 0.094452 0.202135 0.064813 0.080128 0.083319 0.135745 0.074898 
0.086797 0.135330 0.141250 0.078021 0.088913 0.111502 0.078180 0.083041 0.103323 0.093643 
0.089211 0.100521 0.093955 0.096659 0.089847 0.102498 0.089450 0.106145 0.132049 0.099665 
