Document::0
0.078191 0.158426 0.092594 0.092595 0.115226 0.065847 0.129628 0.090536 0.092593 0.084364 
0.088654 0.148431 0.096400 0.082562 0.111082 0.113717 0.079182 0.093243 0.096649 0.090081 
0.074366 0.116640 0.113502 0.109288 0.088103 0.089812 0.088106 0.115083 0.092938 0.112162 
Document::1
0.078191 0.158426 0.092594 0.092595 0.115226 0.065847 0.129628 0.090536 0.092593 0.084364 
0.088507 0.148335 0.096567 0.082434 0.111769 0.113721 0.078950 0.093532 0.096142 0.090042 
0.074366 0.116640 0.113502 0.109288 0.088103 0.089812 0.088106 0.115083 0.092938 0.112162 
Document::2
0.078187 0.158422 0.092594 0.092594 0.115229 0.065844 0.129640 0.090536 0.092593 0.084360 
0.088524 0.149002 0.096484 0.082217 0.110920 0.113550 0.078953 0.093219 0.096620 0.090512 
0.074366 0.116640 0.113502 0.109288 0.088103 0.089812 0.088106 0.115083 0.092938 0.112162 
Document::3
0.078184 0.158426 0.092586 0.092591 0.115215 0.065841 0.129649 0.090537 0.092604 0.084366 
0.088581 0.148724 0.096669 0.082261 0.110907 0.113768 0.079104 0.093285 0.096467 0.090234 
0.073289 0.119780 0.111858 0.107704 0.086827 0.088511 0.089244 0.113415 0.096421 0.112952 
Document::4
0.078178 0.158442 0.092588 0.092593 0.115230 0.065846 0.129620 0.090545 0.092601 0.084355 
0.088661 0.148632 0.096530 0.082336 0.110669 0.113871 0.079176 0.093369 0.096554 0.090203 
0.074366 0.116640 0.113502 0.109288 0.088103 0.089812 0.088106 0.115083 0.092938 0.112162 
Document::5
0.078186 0.158453 0.092592 0.092592 0.115216 0.065839 0.129635 0.090529 0.092600 0.084358 
0.088574 0.149086 0.096425 0.082263 0.110419 0.114627 0.078998 0.093159 0.096337 0.090112 
0.074366 0.116640 0.113502 0.109288 0.088103 0.089812 0.088106 0.115083 0.092938 0.112162 
Document::6
0.078196 0.158468 0.092592 0.092587 0.115215 0.065845 0.129609 0.090539 0.092586 0.084363 
0.088694 0.148498 0.096443 0.082487 0.110794 0.113768 0.079330 0.093285 0.096580 0.090122 
0.074366 0.116640 0.113502 0.109288 0.088103 0.089812 0.088106 0.115083 0.092938 0.112162 
Document::7
0.078190 0.158437 0.092591 0.092596 0.115224 0.065847 0.129638 0.090538 0.092585 0.084353 
0.088604 0.148348 0.096683 0.082291 0.110457 0.113765 0.079250 0.093641 0.096932 0.090030 
0.074366 0.116640 0.113502 0.109288 0.088103 0.089812 0.088106 0.115083 0.092938 0.112162 
Document::8
0.078193 0.158428 0.092590 0.092595 0.115221 0.065854 0.129632 0.090537 0.092589 0.084361 
0.088689 0.148339 0.096643 0.082161 0.110508 0.114036 0.079237 0.093606 0.096667 0.090113 
0.074366 0.116640 0.113502 0.109288 0.088103 0.089812 0.088106 0.115083 0.092938 0.112162 
Document::9
0.078191 0.158425 0.092594 0.092594 0.115225 0.065847 0.129632 0.090536 0.092593 0.084364 
0.088792 0.149109 0.096520 0.082264 0.110383 0.114023 0.079116 0.093371 0.096544 0.089878 
0.074366 0.116640 0.113502 0.109288 0.088103 0.089812 0.088106 0.115083 0.092938 0.112162 
Document::10
0.078191 0.158424 0.092593 0.092598 0.115229 0.065846 0.129626 0.090535 0.092592 0.084364 
0.088666 0.149277 0.096516 0.082244 0.110394 0.113701 0.078980 0.093701 0.096427 0.090092 
0.072414 0.113579 0.115296 0.115964 0.085791 0.087455 0.085793 0.116834 0.092884 0.113991 
Document::11
0.078191 0.158426 0.092594 0.092595 0.115226 0.065847 0.129628 0.090536 0.092593 0.084364 
0.088580 0.148380 0.096973 0.082397 0.110483 0.114007 0.078802 0.093378 0.096435 0.090564 
0.072761 0.114123 0.113451 0.116520 0.088600 0.087874 0.088602 0.114997 0.093330 0.109742 
Document::12
0.078191 0.158426 0.092594 0.092595 0.115226 0.065847 0.129628 0.090536 0.092593 0.084364 
0.088607 0.149064 0.096339 0.082414 0.110770 0.113624 0.079264 0.093188 0.096587 0.090144 
0.075340 0.114398 0.111320 0.107186 0.088813 0.088085 0.091219 0.115273 0.095958 0.112409 
Document::13
0.078191 0.158426 0.092594 0.092595 0.115226 0.065847 0.129628 0.090536 0.092593 0.084364 
0.088604 0.148573 0.096571 0.082178 0.110569 0.113765 0.079362 0.093416 0.096707 0.090255 
0.071556 0.117784 0.119426 0.106369 0.086635 0.085944 0.084355 0.116332 0.102552 0.109046 
Document::14
0.078191 0.158426 0.092594 0.092595 0.115226 0.065847 0.129628 0.090536 0.092593 0.084364 
0.088732 0.148897 0.096230 0.082097 0.110421 0.114283 0.079287 0.093308 0.096591 0.090155 
0.076820 0.113039 0.112373 0.110663 0.085383 0.091789 0.087761 0.118654 0.094818 0.108699 
Document::15
0.078191 0.158426 0.092594 0.092595 0.115226 0.065847 0.129628 0.090536 0.092593 0.084364 
0.088942 0.148686 0.096683 0.082178 0.110569 0.113878 0.079250 0.093303 0.096482 0.090030 
0.079777 0.114197 0.122592 0.114197 0.083401 0.087231 0.083403 0.121791 0.087853 0.105559 
Document::16
0.078189 0.158421 0.092601 0.092592 0.115237 0.065845 0.129624 0.090534 0.092591 0.084367 
0.088661 0.148632 0.096530 0.082336 0.110669 0.113871 0.079176 0.093369 0.096554 0.090203 
0.066980 0.107262 0.126508 0.100640 0.088181 0.087513 0.085976 0.130139 0.092535 0.114265 
Document::17
0.078194 0.158421 0.092596 0.092592 0.115227 0.065845 0.129633 0.090534 0.092591 0.084367 
0.088471 0.148765 0.096324 0.082160 0.110657 0.113965 0.079232 0.093282 0.096573 0.090573 
0.069912 0.114261 0.113615 0.107349 0.089738 0.086736 0.094348 0.122012 0.094282 0.107747 
Document::18
0.078190 0.158432 0.092593 0.092593 0.115228 0.065846 0.129625 0.090539 0.092591 0.084363 
0.088661 0.148632 0.096530 0.082336 0.110669 0.113871 0.079176 0.093369 0.096554 0.090203 
0.072382 0.128380 0.109259 0.107597 0.087636 0.093864 0.089947 0.110748 0.087572 0.112615 
Document::19
0.078186 0.158421 0.092593 0.092603 0.115238 0.065843 0.129624 0.090531 0.092597 0.084364 
0.088661 0.148632 0.096530 0.082336 0.110669 0.113871 0.079176 0.093369 0.096554 0.090203 
0.069432 0.136357 0.115123 0.104324 0.093698 0.088429 0.082260 0.112023 0.089059 0.109296 
Document::20
0.078192 0.158427 0.092594 0.092594 0.115220 0.065844 0.129630 0.090536 0.092588 0.084374 
0.088661 0.148632 0.096530 0.082336 0.110669 0.113871 0.079176 0.093369 0.096554 0.090203 
0.075263 0.116454 0.109050 0.120968 0.085658 0.089488 0.087917 0.105991 0.085596 0.123615 
Document::21
0.078202 0.158414 0.092604 0.092594 0.115233 0.065840 0.129633 0.090527 0.092584 0.084370 
0.088694 0.148498 0.096556 0.082374 0.110681 0.113881 0.079104 0.093285 0.096692 0.090234 
0.079863 0.119975 0.110021 0.112998 0.083596 0.094519 0.083599 0.109195 0.095159 0.111075 
Document::22
0.078191 0.158426 0.092594 0.092595 0.115226 0.065847 0.129628 0.090536 0.092593 0.084364 
0.088674 0.148690 0.096421 0.082581 0.110544 0.113968 0.079199 0.093264 0.096445 0.090214 
0.071393 0.117515 0.107766 0.106126 0.088716 0.092581 0.090996 0.113790 0.086376 0.124741 
Document::23
0.078186 0.158416 0.092598 0.092594 0.115242 0.065843 0.129624 0.090535 0.092597 0.084364 
0.088661 0.148632 0.096530 0.082336 0.110669 0.113871 0.079176 0.093369 0.096554 0.090203 
0.072587 0.113850 0.113179 0.106673 0.090780 0.090056 0.088390 0.114722 0.095499 0.114263 
