d_0 0.001422 0.997155 0.001422 
d_1 0.187637 0.812051 0.000312 
d_2 0.499907 0.333333 0.166759 
d_3 0.711320 0.000192 0.288487 
d_4 0.581222 0.000232 0.418545 
d_5 0.590734 0.409039 0.000227 
d_6 0.630632 0.369214 0.000154 
d_7 0.419272 0.580406 0.000322 
d_8 0.378342 0.594383 0.027275 
d_9 0.000312 0.999376 0.000312 
d_10 0.313737 0.548893 0.137370 
d_11 0.319158 0.467999 0.212843 
d_12 0.000525 0.841303 0.158171 
d_13 0.000322 0.999355 0.000322 
d_14 0.487692 0.414575 0.097733 
d_15 0.000256 0.999488 0.000256 
d_16 0.147223 0.852483 0.000294 
d_17 0.000227 0.681581 0.318192 
d_18 0.000182 0.036526 0.963293 
d_19 0.000244 0.073361 0.926395 
d_20 0.000227 0.136498 0.863275 
d_21 0.000182 0.309104 0.690714 
