Document::0
0.099137 0.075432 0.107758 0.114224 0.096983 0.114224 0.090517 0.099138 0.103448 0.099138 
0.112695 0.155551 0.107940 0.098411 0.088893 0.096824 0.073016 0.076193 0.103177 0.087300 
0.109913 0.114223 0.090518 0.092673 0.109913 0.086208 0.079742 0.090518 0.116378 0.109914 
Document::1
0.099137 0.075431 0.107758 0.114223 0.096984 0.114223 0.090517 0.099140 0.103450 0.099139 
0.112689 0.155551 0.107945 0.098411 0.088882 0.096822 0.073024 0.076192 0.103183 0.087301 
0.109913 0.114223 0.090518 0.092673 0.109913 0.086208 0.079742 0.090518 0.116378 0.109914 
Document::2
0.099137 0.075433 0.107757 0.114222 0.096981 0.114226 0.090517 0.099137 0.103454 0.099135 
0.112692 0.155557 0.107931 0.098408 0.088890 0.096827 0.073022 0.076194 0.103177 0.087303 
0.109911 0.114221 0.090520 0.092673 0.109913 0.086206 0.079741 0.090516 0.116377 0.109921 
Document::3
0.099142 0.075428 0.107757 0.114222 0.096986 0.114225 0.090517 0.099138 0.103447 0.099137 
0.112697 0.155554 0.107936 0.098413 0.088889 0.096826 0.073018 0.076192 0.103174 0.087302 
0.109912 0.114222 0.090515 0.092674 0.109912 0.086211 0.079742 0.090519 0.116377 0.109916 
Document::4
0.099137 0.075432 0.107762 0.114224 0.096981 0.114228 0.090516 0.099136 0.103446 0.099138 
0.112697 0.155554 0.107936 0.098413 0.088889 0.096826 0.073018 0.076192 0.103174 0.087302 
0.109911 0.114219 0.090516 0.092675 0.109913 0.086210 0.079747 0.090517 0.116377 0.109914 
Document::5
0.099138 0.075431 0.107761 0.114227 0.096981 0.114225 0.090516 0.099135 0.103451 0.099135 
0.112697 0.155554 0.107936 0.098416 0.088884 0.096830 0.073014 0.076196 0.103169 0.087303 
0.109913 0.114223 0.090518 0.092673 0.109913 0.086208 0.079742 0.090518 0.116378 0.109914 
Document::6
0.099137 0.075435 0.107759 0.114224 0.096984 0.114222 0.090514 0.099139 0.103448 0.099137 
0.112709 0.155563 0.107934 0.098409 0.088886 0.096828 0.073013 0.076189 0.103170 0.087299 
0.109913 0.114223 0.090518 0.092673 0.109913 0.086208 0.079742 0.090518 0.116378 0.109914 
Document::7
0.099136 0.075431 0.107758 0.114227 0.096983 0.114225 0.090518 0.099136 0.103449 0.099138 
0.112700 0.155552 0.107939 0.098422 0.088884 0.096827 0.073014 0.076191 0.103174 0.087297 
0.109913 0.114223 0.090518 0.092673 0.109913 0.086208 0.079742 0.090518 0.116378 0.109914 
Document::8
0.099137 0.075432 0.107757 0.114225 0.096986 0.114223 0.090517 0.099139 0.103448 0.099136 
0.112702 0.155547 0.107938 0.098412 0.088889 0.096829 0.073016 0.076190 0.103170 0.087308 
0.109913 0.114223 0.090517 0.092673 0.109913 0.086208 0.079742 0.090518 0.116380 0.109914 
Document::9
0.099137 0.075432 0.107758 0.114224 0.096983 0.114224 0.090517 0.099138 0.103448 0.099138 
0.112693 0.155543 0.107938 0.098424 0.088881 0.096826 0.073019 0.076199 0.103173 0.087305 
0.109913 0.114223 0.090518 0.092673 0.109913 0.086208 0.079742 0.090518 0.116378 0.109914 
Document::10
0.099137 0.075433 0.107757 0.114223 0.096982 0.114224 0.090522 0.099136 0.103446 0.099140 
0.112702 0.155553 0.107933 0.098408 0.088882 0.096824 0.073023 0.076197 0.103171 0.087306 
0.109912 0.114222 0.090518 0.092672 0.109916 0.086207 0.079741 0.090517 0.116384 0.109913 
Document::11
0.099138 0.075433 0.107758 0.114224 0.096983 0.114222 0.090518 0.099136 0.103451 0.099138 
0.112693 0.155553 0.107929 0.098415 0.088886 0.096826 0.073027 0.076193 0.103182 0.087296 
0.109913 0.114224 0.090518 0.092675 0.109915 0.086206 0.079741 0.090516 0.116378 0.109914 
Document::12
0.099137 0.075432 0.107758 0.114224 0.096983 0.114224 0.090517 0.099138 0.103448 0.099138 
0.112698 0.155567 0.107937 0.098408 0.088888 0.096822 0.073017 0.076191 0.103172 0.087301 
0.109913 0.114224 0.090517 0.092674 0.109913 0.086209 0.079742 0.090517 0.116378 0.109913 
Document::13
0.099137 0.075432 0.107758 0.114224 0.096983 0.114224 0.090517 0.099138 0.103448 0.099138 
0.112696 0.155549 0.107932 0.098413 0.088893 0.096826 0.073022 0.076188 0.103165 0.087317 
0.109913 0.114223 0.090518 0.092673 0.109913 0.086208 0.079742 0.090518 0.116378 0.109914 
Document::14
0.099135 0.075435 0.107759 0.114223 0.096981 0.114224 0.090517 0.099139 0.103446 0.099142 
0.112692 0.155572 0.107931 0.098411 0.088888 0.096827 0.073017 0.076197 0.103169 0.087298 
0.109914 0.114222 0.090517 0.092674 0.109913 0.086207 0.079742 0.090519 0.116379 0.109913 
Document::15
0.099137 0.075432 0.107758 0.114224 0.096983 0.114224 0.090517 0.099138 0.103448 0.099138 
0.112696 0.155565 0.107955 0.098405 0.088890 0.096830 0.073009 0.076183 0.103171 0.087295 
0.109913 0.114223 0.090518 0.092673 0.109913 0.086208 0.079742 0.090518 0.116378 0.109914 
Document::16
0.099137 0.075431 0.107758 0.114224 0.096983 0.114225 0.090518 0.099137 0.103450 0.099138 
0.112702 0.155558 0.107941 0.098413 0.088890 0.096827 0.073012 0.076186 0.103177 0.087295 
0.109913 0.114223 0.090518 0.092673 0.109913 0.086208 0.079742 0.090518 0.116378 0.109914 
Document::17
0.099137 0.075432 0.107758 0.114224 0.096983 0.114224 0.090517 0.099138 0.103448 0.099138 
0.112693 0.155549 0.107930 0.098407 0.088896 0.096827 0.073017 0.076191 0.103174 0.087317 
0.109912 0.114224 0.090517 0.092670 0.109916 0.086206 0.079742 0.090521 0.116377 0.109915 
Document::18
0.099137 0.075432 0.107758 0.114224 0.096983 0.114224 0.090517 0.099138 0.103448 0.099138 
0.112702 0.155553 0.107935 0.098412 0.088888 0.096826 0.073017 0.076191 0.103173 0.087301 
0.109915 0.114225 0.090523 0.092675 0.109914 0.086205 0.079737 0.090522 0.116375 0.109911 
Document::19
0.099137 0.075432 0.107758 0.114224 0.096983 0.114224 0.090517 0.099138 0.103448 0.099138 
0.112696 0.155555 0.107935 0.098415 0.088888 0.096825 0.073017 0.076191 0.103176 0.087301 
0.109916 0.114229 0.090520 0.092672 0.109911 0.086204 0.079746 0.090512 0.116378 0.109912 
Document::20
0.099137 0.075432 0.107758 0.114224 0.096983 0.114224 0.090517 0.099138 0.103448 0.099138 
0.112701 0.155551 0.107934 0.098417 0.088893 0.096825 0.073016 0.076190 0.103172 0.087300 
0.109911 0.114221 0.090522 0.092675 0.109923 0.086202 0.079744 0.090515 0.116373 0.109914 
Document::21
0.099137 0.075432 0.107758 0.114224 0.096983 0.114224 0.090517 0.099138 0.103448 0.099138 
0.112695 0.155555 0.107939 0.098408 0.088885 0.096827 0.073014 0.076202 0.103169 0.087306 
0.109918 0.114229 0.090513 0.092672 0.109910 0.086207 0.079739 0.090512 0.116383 0.109917 
