d_0 0.001422 0.997155 0.001422 
d_1 0.187637 0.812051 0.000312 
d_2 0.388858 0.425875 0.185267 
d_3 0.788199 0.000192 0.211609 
d_4 0.674181 0.000232 0.325587 
d_5 0.727004 0.272769 0.000227 
d_6 0.369214 0.323082 0.307704 
d_7 0.290364 0.709314 0.000322 
d_8 0.351337 0.486362 0.162301 
d_9 0.156416 0.843272 0.000312 
d_10 0.372526 0.352930 0.274544 
d_11 0.404210 0.510525 0.085265 
d_12 0.000525 0.683657 0.315817 
d_13 0.000322 0.999355 0.000322 
d_14 0.146478 0.609554 0.243968 
d_15 0.000256 0.922624 0.077120 
d_16 0.088451 0.734940 0.176609 
d_17 0.000227 0.613445 0.386328 
d_18 0.000182 0.127385 0.872433 
d_19 0.000244 0.024616 0.975140 
d_20 0.000227 0.113786 0.885987 
d_21 0.000182 0.254588 0.745230 
