Document::0
0.100671 0.078301 0.111856 0.109619 0.098434 0.118567 0.098434 0.082774 0.102909 0.098434 
0.106308 0.134546 0.101333 0.101326 0.093030 0.112953 0.073090 0.078072 0.104660 0.094682 
0.100197 0.123763 0.111986 0.080551 0.108053 0.110021 0.080553 0.082516 0.092340 0.110021 
Document::1
0.100669 0.078300 0.111854 0.109618 0.098438 0.118566 0.098433 0.082773 0.102912 0.098438 
0.106299 0.134548 0.101342 0.101322 0.093018 0.112952 0.073097 0.078075 0.104665 0.094683 
0.100197 0.123763 0.111986 0.080551 0.108053 0.110021 0.080553 0.082516 0.092340 0.110021 
Document::2
0.100673 0.078297 0.111860 0.109616 0.098432 0.118573 0.098432 0.082777 0.102911 0.098430 
0.106305 0.134549 0.101321 0.101328 0.093028 0.112963 0.073089 0.078071 0.104666 0.094679 
0.100191 0.123757 0.111985 0.080547 0.108058 0.110026 0.080554 0.082517 0.092335 0.110031 
Document::3
0.100680 0.078298 0.111852 0.109616 0.098434 0.118565 0.098432 0.082781 0.102906 0.098437 
0.106312 0.134550 0.101327 0.101329 0.093024 0.112956 0.073092 0.078075 0.104650 0.094685 
0.100196 0.123767 0.111984 0.080546 0.108046 0.110025 0.080548 0.082522 0.092346 0.110020 
Document::4
0.100671 0.078298 0.111862 0.109619 0.098430 0.118575 0.098432 0.082771 0.102909 0.098432 
0.106312 0.134550 0.101327 0.101329 0.093024 0.112956 0.073092 0.078075 0.104650 0.094685 
0.100200 0.123754 0.111983 0.080545 0.108055 0.110029 0.080557 0.082510 0.092349 0.110018 
Document::5
0.100668 0.078297 0.111864 0.109627 0.098434 0.118568 0.098436 0.082771 0.102906 0.098429 
0.106315 0.134547 0.101321 0.101337 0.093019 0.112959 0.073093 0.078071 0.104644 0.094693 
0.100197 0.123763 0.111986 0.080551 0.108053 0.110021 0.080553 0.082516 0.092340 0.110021 
Document::6
0.100672 0.078304 0.111857 0.109618 0.098434 0.118572 0.098433 0.082770 0.102908 0.098434 
0.106333 0.134551 0.101322 0.101329 0.093029 0.112959 0.073085 0.078076 0.104640 0.094676 
0.100202 0.123750 0.112000 0.080553 0.108041 0.110030 0.080565 0.082507 0.092336 0.110015 
Document::7
0.100668 0.078299 0.111856 0.109629 0.098435 0.118565 0.098435 0.082773 0.102909 0.098432 
0.106319 0.134545 0.101326 0.101337 0.093015 0.112959 0.073094 0.078067 0.104649 0.094689 
0.100197 0.123763 0.111986 0.080551 0.108053 0.110021 0.080553 0.082516 0.092340 0.110021 
Document::8
0.100672 0.078301 0.111852 0.109618 0.098441 0.118564 0.098431 0.082772 0.102913 0.098436 
0.106317 0.134552 0.101328 0.101330 0.093026 0.112947 0.073091 0.078073 0.104642 0.094695 
0.100193 0.123759 0.111993 0.080548 0.108049 0.110028 0.080555 0.082513 0.092343 0.110017 
Document::9
0.100669 0.078302 0.111854 0.109618 0.098433 0.118568 0.098435 0.082776 0.102910 0.098433 
0.106312 0.134547 0.101319 0.101330 0.093022 0.112961 0.073088 0.078083 0.104655 0.094682 
0.100197 0.123763 0.111986 0.080551 0.108053 0.110021 0.080553 0.082516 0.092340 0.110021 
Document::10
0.100666 0.078305 0.111851 0.109617 0.098435 0.118567 0.098442 0.082775 0.102904 0.098439 
0.106317 0.134552 0.101323 0.101325 0.093017 0.112961 0.073086 0.078073 0.104651 0.094695 
0.100194 0.123754 0.111988 0.080545 0.108061 0.110018 0.080552 0.082510 0.092355 0.110023 
Document::11
0.100671 0.078300 0.111858 0.109619 0.098435 0.118564 0.098435 0.082773 0.102911 0.098435 
0.106305 0.134553 0.101316 0.101332 0.093032 0.112962 0.073098 0.078066 0.104661 0.094674 
0.100194 0.123766 0.111983 0.080554 0.108056 0.110019 0.080551 0.082514 0.092338 0.110024 
Document::12
0.100671 0.078301 0.111856 0.109619 0.098434 0.118567 0.098434 0.082774 0.102909 0.098434 
0.106310 0.134564 0.101330 0.101323 0.093028 0.112954 0.073088 0.078070 0.104644 0.094688 
0.100193 0.123759 0.111987 0.080559 0.108049 0.110033 0.080550 0.082513 0.092337 0.110017 
Document::13
0.100671 0.078301 0.111856 0.109619 0.098434 0.118567 0.098434 0.082774 0.102909 0.098434 
0.106297 0.134558 0.101322 0.101342 0.093025 0.112959 0.073095 0.078082 0.104635 0.094685 
0.100197 0.123763 0.111986 0.080551 0.108053 0.110021 0.080553 0.082516 0.092340 0.110021 
Document::14
0.100669 0.078300 0.111857 0.109622 0.098433 0.118568 0.098435 0.082773 0.102907 0.098435 
0.106304 0.134562 0.101329 0.101336 0.093027 0.112948 0.073088 0.078071 0.104643 0.094692 
0.100197 0.123757 0.111990 0.080552 0.108047 0.110026 0.080548 0.082512 0.092341 0.110031 
Document::15
0.100671 0.078301 0.111856 0.109619 0.098434 0.118567 0.098434 0.082774 0.102909 0.098434 
0.106317 0.134555 0.101351 0.101326 0.093018 0.112952 0.073085 0.078076 0.104651 0.094669 
0.100200 0.123761 0.111989 0.080550 0.108051 0.110019 0.080551 0.082515 0.092339 0.110024 
Document::16
0.100670 0.078300 0.111855 0.109618 0.098434 0.118569 0.098434 0.082774 0.102910 0.098436 
0.106318 0.134562 0.101343 0.101327 0.093018 0.112953 0.073084 0.078075 0.104647 0.094674 
0.100193 0.123759 0.111987 0.080554 0.108060 0.110023 0.080550 0.082513 0.092337 0.110023 
Document::17
0.100671 0.078301 0.111856 0.109619 0.098434 0.118567 0.098434 0.082774 0.102909 0.098434 
0.106312 0.134547 0.101315 0.101317 0.093031 0.112970 0.073097 0.078070 0.104646 0.094696 
0.100187 0.123758 0.111992 0.080544 0.108064 0.110016 0.080545 0.082514 0.092343 0.110038 
Document::18
0.100671 0.078301 0.111856 0.109619 0.098434 0.118567 0.098434 0.082774 0.102909 0.098434 
0.106322 0.134546 0.101328 0.101326 0.093021 0.112953 0.073094 0.078072 0.104647 0.094691 
0.100208 0.123774 0.111978 0.080573 0.108046 0.110014 0.080553 0.082511 0.092327 0.110014 
Document::19
0.100671 0.078301 0.111856 0.109619 0.098434 0.118567 0.098434 0.082774 0.102909 0.098434 
0.106311 0.134549 0.101327 0.101333 0.093024 0.112956 0.073092 0.078075 0.104650 0.094684 
0.100197 0.123795 0.111983 0.080550 0.108040 0.110013 0.080541 0.082530 0.092342 0.110008 
Document::20
0.100671 0.078301 0.111856 0.109619 0.098434 0.118567 0.098434 0.082774 0.102909 0.098434 
0.106314 0.134551 0.101325 0.101336 0.093022 0.112954 0.073090 0.078078 0.104648 0.094683 
0.100202 0.123770 0.111989 0.080534 0.108089 0.109998 0.080541 0.082525 0.092332 0.110019 
Document::21
0.100671 0.078301 0.111856 0.109619 0.098434 0.118567 0.098434 0.082774 0.102909 0.098434 
0.106305 0.134546 0.101321 0.101323 0.093028 0.112967 0.073092 0.078079 0.104662 0.094679 
0.100196 0.123800 0.111972 0.080539 0.108040 0.110029 0.080556 0.082509 0.092336 0.110023 
