Document::0
0.089685 0.090610 0.103582 0.131606 0.081585 0.096751 0.113087 0.080951 0.098484 0.113658 
0.099701 0.106426 0.101307 0.121285 0.109786 0.088737 0.072005 0.075558 0.147371 0.077824 
0.111609 0.118209 0.096774 0.088937 0.122856 0.103843 0.077860 0.090583 0.101555 0.087775 
Document::1
0.084738 0.089289 0.101546 0.128024 0.080762 0.095091 0.110527 0.076486 0.115116 0.118421 
0.091932 0.113718 0.132373 0.111835 0.085648 0.081823 0.066394 0.077463 0.167056 0.071760 
0.111609 0.118209 0.096774 0.088937 0.122856 0.103843 0.077860 0.090583 0.101555 0.087775 
Document::2
0.090758 0.084371 0.107322 0.122544 0.075967 0.090089 0.112549 0.082625 0.120695 0.113080 
0.099744 0.119955 0.064975 0.103751 0.093914 0.104823 0.083281 0.071863 0.154980 0.102716 
0.106475 0.112772 0.109571 0.084846 0.134453 0.099067 0.074279 0.092166 0.096884 0.089487 
Document::3
0.092953 0.090332 0.094914 0.116226 0.085799 0.099193 0.103309 0.092114 0.100724 0.124436 
0.101415 0.125447 0.077262 0.123370 0.094482 0.098858 0.073243 0.085453 0.141309 0.079161 
0.114677 0.126387 0.095332 0.082475 0.113931 0.107476 0.077792 0.089591 0.099765 0.092575 
Document::4
0.082024 0.082869 0.108971 0.138161 0.074615 0.102724 0.114105 0.084714 0.093630 0.118186 
0.104099 0.111122 0.079307 0.126636 0.105806 0.092652 0.075181 0.078891 0.136226 0.090080 
0.101237 0.107224 0.109647 0.097071 0.122372 0.105126 0.081557 0.093098 0.097584 0.085085 
Document::5
0.087451 0.084678 0.107712 0.148450 0.076243 0.104965 0.105684 0.079289 0.095674 0.109854 
0.108360 0.114611 0.078440 0.144126 0.094173 0.090318 0.082622 0.078071 0.121249 0.088029 
0.116633 0.111490 0.102641 0.089565 0.127241 0.097940 0.073434 0.091119 0.101466 0.088470 
Document::6
0.088092 0.088962 0.101174 0.127555 0.087794 0.102071 0.117450 0.076206 0.100039 0.110659 
0.133483 0.116953 0.074911 0.107641 0.097436 0.086254 0.063904 0.104557 0.123292 0.091568 
0.101173 0.101667 0.098781 0.107589 0.110846 0.115226 0.092879 0.093456 0.092526 0.085858 
Document::7
0.089736 0.086890 0.099330 0.141132 0.081968 0.092779 0.112177 0.085092 0.098173 0.112724 
0.112674 0.111120 0.076052 0.132122 0.098919 0.110410 0.064878 0.075693 0.132784 0.085348 
0.111609 0.118209 0.096774 0.088937 0.122856 0.103843 0.077860 0.090583 0.101555 0.087775 
Document::8
0.086977 0.087874 0.104229 0.131407 0.086670 0.097604 0.113447 0.078507 0.099285 0.114001 
0.128883 0.104300 0.076635 0.133136 0.099678 0.088240 0.088393 0.076274 0.133803 0.070658 
0.105265 0.128542 0.091274 0.089565 0.115873 0.103624 0.073434 0.085435 0.112834 0.094154 
Document::9
0.087307 0.103362 0.100835 0.131904 0.079421 0.094185 0.113877 0.082593 0.095872 0.110644 
0.115877 0.099710 0.065928 0.134611 0.095292 0.106361 0.062498 0.080252 0.157253 0.082218 
0.111609 0.118209 0.096774 0.088937 0.122856 0.103843 0.077860 0.090583 0.101555 0.087775 
Document::10
0.090072 0.098454 0.103448 0.126676 0.078528 0.100619 0.112597 0.077919 0.094795 0.116893 
0.132069 0.109558 0.070174 0.114886 0.077224 0.108903 0.073915 0.090920 0.143599 0.078753 
0.105265 0.111490 0.096958 0.083881 0.127241 0.097940 0.073434 0.091119 0.129886 0.082786 
Document::11
0.093120 0.094004 0.106397 0.125734 0.081663 0.092434 0.122915 0.081058 0.094090 0.108587 
0.097627 0.103258 0.070671 0.136925 0.148523 0.081372 0.067363 0.070338 0.151690 0.072235 
0.120044 0.120601 0.093943 0.092185 0.125113 0.100805 0.075582 0.087934 0.098584 0.085207 
Document::12
0.089685 0.090610 0.103582 0.131606 0.081585 0.096751 0.113087 0.080951 0.098484 0.113658 
0.112789 0.143817 0.089820 0.117320 0.098022 0.085836 0.069650 0.073088 0.126204 0.083453 
0.106475 0.118521 0.092323 0.090595 0.117206 0.116314 0.074279 0.092166 0.108382 0.083738 
Document::13
0.089685 0.090610 0.103582 0.131606 0.081585 0.096751 0.113087 0.080951 0.098484 0.113658 
0.089832 0.126348 0.068438 0.154964 0.091305 0.079954 0.087720 0.068079 0.148012 0.085348 
0.115974 0.110860 0.090758 0.100363 0.115218 0.119994 0.073019 0.084952 0.106545 0.082318 
Document::14
0.086326 0.094708 0.099702 0.137914 0.078528 0.096873 0.112597 0.081665 0.094795 0.116893 
0.085908 0.149953 0.116417 0.148194 0.080035 0.076461 0.083887 0.072386 0.119702 0.067057 
0.114194 0.114751 0.093943 0.092185 0.119263 0.100805 0.075582 0.093784 0.104434 0.091058 
Document::15
0.089685 0.090610 0.103582 0.131606 0.081585 0.096751 0.113087 0.080951 0.098484 0.113658 
0.101207 0.143719 0.073262 0.141946 0.080622 0.091691 0.077168 0.072917 0.142584 0.074884 
0.102925 0.114569 0.094802 0.087574 0.124412 0.106878 0.071802 0.083536 0.132556 0.080946 
Document::16
0.088650 0.089564 0.102387 0.130087 0.080643 0.099481 0.115629 0.083864 0.097348 0.112346 
0.104615 0.143817 0.073472 0.133668 0.089848 0.110358 0.069650 0.073088 0.126204 0.075279 
0.110360 0.105494 0.091743 0.090127 0.120398 0.119564 0.085619 0.086218 0.101387 0.089090 
Document::17
0.089685 0.090610 0.103582 0.131606 0.081585 0.096751 0.113087 0.080951 0.098484 0.113658 
0.089288 0.108794 0.076661 0.114085 0.097614 0.108143 0.087352 0.062380 0.156550 0.099133 
0.104082 0.121477 0.090248 0.088559 0.142671 0.102460 0.078229 0.084475 0.100326 0.087475 
Document::18
0.089685 0.090610 0.103582 0.131606 0.081585 0.096751 0.113087 0.080951 0.098484 0.113658 
0.122974 0.104658 0.083003 0.119269 0.099652 0.095572 0.079118 0.074302 0.136612 0.084840 
0.129850 0.135018 0.094643 0.083788 0.129219 0.081304 0.065679 0.094515 0.098386 0.087597 
Document::19
0.089685 0.090610 0.103582 0.131606 0.081585 0.096751 0.113087 0.080951 0.098484 0.113658 
0.117595 0.107333 0.085126 0.130841 0.093677 0.089493 0.072618 0.084724 0.140104 0.078487 
0.112075 0.152362 0.094848 0.088375 0.121363 0.100685 0.064298 0.089735 0.093819 0.082439 
Document::20
0.089685 0.090610 0.103582 0.131606 0.081585 0.096751 0.113087 0.080951 0.098484 0.113658 
0.110975 0.101291 0.072290 0.147603 0.104488 0.092498 0.068530 0.079955 0.140259 0.082111 
0.124507 0.130068 0.081541 0.080015 0.154295 0.087497 0.075759 0.096636 0.090647 0.079036 
Document::21
0.089685 0.090610 0.103582 0.131606 0.081585 0.096751 0.113087 0.080951 0.098484 0.113658 
0.097236 0.120278 0.074078 0.126528 0.107072 0.094785 0.070224 0.081931 0.135486 0.092382 
0.111503 0.140398 0.076129 0.074704 0.110869 0.114875 0.075472 0.094963 0.094112 0.106976 
