d_0 0.001422 0.997155 0.001422 
d_1 0.468623 0.531065 0.000312 
d_2 0.351842 0.499907 0.148251 
d_3 0.653661 0.096291 0.250048 
d_4 0.557983 0.046712 0.395306 
d_5 0.409039 0.363616 0.227345 
d_6 0.246194 0.338459 0.415347 
d_7 0.354818 0.644860 0.000322 
d_8 0.216311 0.513368 0.270321 
d_9 0.218857 0.780830 0.000312 
d_10 0.196159 0.607682 0.196159 
d_11 0.255369 0.638103 0.106528 
d_12 0.000525 0.578560 0.420914 
d_13 0.000322 0.644860 0.354818 
d_14 0.243968 0.633926 0.122106 
d_15 0.000256 0.640789 0.358955 
d_16 0.088451 0.323538 0.588011 
d_17 0.000227 0.727004 0.272769 
d_18 0.000182 0.163729 0.836089 
d_19 0.000244 0.146478 0.853278 
d_20 0.000227 0.295480 0.704293 
d_21 0.000182 0.181901 0.817917 
